50
13 90 1 57 10 71 42 23 14 88 33 89 87 50 88 40 45 77 28 3 1 3 5 72 89 95 60 100 48 45 22 88 52 26 82 21 22 9 34 100 14 13 84 29 98 23 13 9 5 47
29 51 74 4 65 99 71 67 67 3 93 91 95 98 81 99 36 58 27 78 55 57 65 30 64 50 60 29 24 32 3 90 62 84 46 16 8 20 92 31 4 32 54 98 76 47 1 85 75 74
71 48 35 48 56 53 32 67 96 86 18 69 13 56 22 99 89 3 60 15 33 51 96 67 79 48 44 27 27 24 82 77 6 19 99 62 68 20 69 1 53 72 6 1 89 18 71 28 74 12
94 60 2 1 12 50 9 74 5 32 95 73 52 84 5 74 61 47 23 8 30 55 4 71 29 98 65 90 84 64 93 27 52 77 81 71 14 65 0 63 76 22 71 24 62 80 96 3 53 13
2 65 7 75 9 84 21 89 85 86 95 4 48 97 3 70 70 90 1 40 25 86 46 16 35 4 34 74 78 28 0 44 97 31 71 35 57 73 79 4 84 23 24 65 80 6 29 95 78 91
7 12 11 97 17 81 16 93 20 46 41 66 94 61 12 59 32 90 37 52 94 10 33 68 70 66 74 97 87 17 52 75 75 68 2 9 35 54 71 10 84 55 74 88 0 52 77 0 45 71
4 58 89 100 82 85 26 60 54 85 45 83 8 34 32 60 26 78 10 53 43 61 12 3 90 88 89 78 33 52 34 18 34 64 32 20 3 99 96 78 25 87 53 97 5 33 47 27 59 9
5 78 63 79 5 6 7 3 46 52 45 24 5 50 68 80 34 92 24 37 81 17 53 51 29 30 14 46 35 69 17 36 95 20 15 9 0 25 84 11 11 25 27 87 100 40 91 58 10 3
78 71 71 88 56 53 3 61 97 56 78 45 14 1 3 48 69 11 54 36 54 95 74 26 7 41 59 77 15 63 41 20 56 50 38 45 21 42 84 34 47 2 88 55 96 53 91 93 35 59
12 86 56 57 44 64 81 5 71 13 37 82 79 48 55 12 80 53 16 87 51 76 25 37 49 56 8 73 35 49 14 38 35 94 30 84 52 86 53 98 96 90 9 31 69 5 86 4 71 55
14 86 88 92 88 61 64 1 37 93 28 31 0 10 63 76 4 11 32 79 35 42 66 71 38 98 34 32 66 21 46 9 44 20 13 36 82 19 40 76 64 17 9 45 36 96 42 96 10 12
54 24 25 41 11 12 71 79 94 76 1 84 89 6 87 20 81 27 0 11 5 61 73 65 92 33 1 88 56 68 72 14 46 50 93 17 98 80 34 36 78 28 40 40 89 3 52 30 23 76
89 10 81 87 70 40 90 66 33 43 94 80 56 20 93 24 96 7 51 87 50 78 35 58 52 4 40 68 76 22 31 35 47 80 58 47 69 54 33 97 81 32 67 81 29 15 1 21 28 82
56 92 8 99 45 86 85 99 46 1 94 40 14 39 70 90 84 12 35 91 97 36 60 34 47 33 4 1 45 2 15 98 72 26 46 56 12 35 57 89 21 69 97 16 57 4 38 48 62 40
10 78 6 70 91 4 81 65 59 76 46 46 44 30 69 67 22 75 37 22 25 31 43 39 54 22 6 49 98 56 49 11 33 42 23 85 23 99 74 59 35 59 18 100 99 95 98 81 11 97
73 85 64 41 54 54 49 77 93 24 42 100 8 92 82 18 80 91 42 82 56 42 11 5 24 80 67 31 11 21 21 39 78 80 35 10 55 77 4 95 94 33 91 51 3 24 93 43 51 71
100 76 41 67 74 65 70 10 30 74 31 35 66 1 23 6 96 37 15 50 17 75 13 5 28 76 28 93 41 58 23 53 25 50 6 69 50 58 92 100 15 32 91 56 6 48 11 60 39 29
35 100 56 17 95 53 29 44 63 35 38 53 64 5 35 24 65 71 8 77 96 46 92 48 38 19 81 27 14 81 46 14 48 8 83 80 87 60 76 55 68 80 24 77 22 19 20 40 94 42
99 96 18 68 100 81 56 17 28 0 40 55 13 16 37 26 79 57 83 70 6 90 46 53 51 68 32 66 28 40 60 94 41 15 30 78 80 66 36 49 56 20 30 73 78 54 58 52 61 6
91 26 84 25 13 56 70 71 52 49 28 58 60 78 68 77 78 6 22 43 38 55 25 46 64 24 21 29 29 91 60 65 49 3 78 96 91 96 25 4 29 42 95 67 11 65 60 67 35 70
28 15 88 5 82 92 22 11 36 76 43 77 88 30 63 68 76 20 96 100 95 16 62 88 92 69 19 27 2 69 13 87 98 47 75 99 59 12 91 9 56 4 67 89 99 86 25 96 24 100
97 49 56 39 45 22 20 16 67 20 47 1 54 22 41 39 88 43 98 0 87 91 68 42 5 22 9 19 36 53 78 5 19 27 77 75 84 61 10 74 64 75 63 64 62 40 87 97 54 95
12 61 81 72 41 62 64 38 52 5 5 4 70 0 39 31 17 53 42 15 23 69 53 23 96 20 17 46 27 96 86 69 28 27 51 99 13 52 7 49 25 91 59 42 97 91 8 52 60 82
1 5 55 61 29 42 37 33 58 31 3 12 13 76 65 92 70 11 37 46 52 51 18 75 81 98 20 6 47 71 49 77 7 10 68 2 65 33 48 56 35 81 96 99 42 76 55 40 2 31
90 94 9 33 30 56 35 37 96 49 2 20 2 83 25 66 6 54 26 4 63 45 7 26 85 88 92 92 94 99 26 26 81 54 17 79 46 86 96 29 19 94 35 25 73 96 84 29 56 96
7 93 54 32 37 18 85 85 0 43 13 44 78 51 14 100 71 40 25 73 71 8 10 61 83 14 23 20 47 11 20 17 12 38 68 66 60 87 10 15 15 52 54 39 71 3 88 0 75 55
93 96 16 19 52 30 52 21 20 73 72 30 49 34 49 60 94 25 56 4 23 14 43 75 0 47 2 55 91 84 46 80 42 85 21 66 35 21 86 61 26 42 15 96 78 97 48 51 62 16
74 8 51 60 47 18 15 56 81 96 13 39 71 38 68 92 97 14 19 48 64 99 36 28 20 51 18 7 26 61 5 100 26 3 20 23 49 70 19 47 57 93 73 59 77 61 75 62 92 15
40 33 72 23 7 16 16 78 66 7 98 61 45 20 43 6 28 10 7 22 31 45 46 81 17 98 69 24 86 12 20 67 12 83 28 86 50 59 14 69 26 81 15 31 93 9 93 4 10 35
98 15 62 19 55 89 55 17 65 81 89 78 78 15 66 28 41 60 23 49 8 64 39 88 66 31 40 11 61 8 45 37 72 17 84 84 47 55 11 94 63 14 56 19 97 95 48 6 33 49
37 84 53 78 33 59 8 74 34 4 72 2 7 7 61 96 8 71 45 100 36 63 78 17 22 79 27 43 75 94 81 87 21 68 7 50 26 22 81 51 86 10 21 51 59 77 60 66 67 54
66 5 80 27 2 18 73 35 53 93 83 86 43 30 80 72 88 73 26 71 58 49 97 9 59 36 51 54 62 23 15 76 30 49 92 87 52 51 38 65 51 70 64 99 14 12 12 61 46 100
39 26 45 87 46 37 50 53 91 48 0 57 6 23 87 65 83 57 36 73 37 96 98 22 39 21 91 51 49 43 35 27 21 77 94 46 39 87 2 44 25 72 30 68 9 25 88 6 48 40
43 32 92 99 95 14 59 41 95 78 7 43 35 69 44 5 8 53 46 24 72 98 87 35 41 10 25 20 46 74 59 100 69 2 17 27 87 65 76 48 72 48 98 79 74 7 18 13 63 0
49 52 57 34 21 4 68 2 33 82 33 90 25 35 55 68 79 18 74 9 9 95 5 61 31 4 42 51 64 32 6 23 20 15 18 12 56 34 67 11 69 2 2 27 87 97 1 9 32 78
1 47 4 13 74 4 53 4 42 34 67 68 2 77 13 57 19 12 29 54 43 4 67 80 28 33 24 17 98 58 72 74 29 98 75 23 65 76 7 58 39 53 57 96 36 71 72 39 10 74
45 2 20 89 84 79 94 1 82 77 78 56 38 99 50 93 21 31 1 18 8 22 41 57 11 39 47 39 50 12 61 99 10 68 10 40 40 43 43 7 37 51 30 70 82 92 88 35 33 52
93 68 22 68 46 52 80 27 91 61 50 2 52 60 30 73 12 60 51 46 32 12 91 25 6 40 98 47 22 22 6 59 19 85 9 64 60 60 46 98 85 24 55 73 91 58 93 70 2 69
61 22 36 99 26 38 69 23 50 54 64 86 51 96 100 46 16 98 53 28 5 51 70 94 89 97 85 18 65 66 71 68 47 45 57 70 49 97 63 78 6 18 90 87 2 5 53 68 66 18
33 18 21 26 18 92 30 85 76 19 40 22 49 65 46 89 53 0 8 40 86 2 4 60 26 44 35 30 83 66 99 59 90 84 24 21 21 90 95 34 56 82 23 35 25 95 95 0 91 8
32 21 64 52 40 92 89 4 82 52 0 47 51 77 20 49 35 94 13 64 76 42 46 56 83 16 2 53 26 67 34 73 9 97 2 74 86 92 28 64 16 6 68 4 3 97 16 68 2 40
87 61 63 44 76 7 32 73 73 44 34 86 56 71 37 4 35 5 6 16 98 35 10 65 67 45 73 53 90 69 64 88 87 1 96 95 53 35 82 47 5 52 47 26 65 86 75 55 44 27
62 28 79 54 52 5 97 49 47 42 46 51 3 63 79 7 94 90 83 26 68 18 59 17 30 41 17 80 3 36 63 97 30 64 78 87 66 96 14 38 0 55 10 98 85 51 65 40 45 100
22 35 30 66 44 59 62 56 55 18 82 48 16 56 71 5 63 89 65 81 93 4 85 82 2 33 77 22 85 27 71 97 73 79 67 29 76 9 90 38 86 96 65 28 74 98 32 41 98 18
90 53 62 84 58 67 34 70 71 20 99 84 18 26 56 35 99 23 38 94 78 20 64 72 100 46 71 82 42 85 42 74 43 40 6 64 42 3 14 100 23 13 75 55 11 72 59 89 31 63
7 87 3 15 20 88 10 77 23 65 77 9 87 36 92 59 51 13 77 44 68 97 65 48 95 2 8 36 70 16 36 65 71 0 58 20 31 74 1 46 51 80 8 78 9 69 95 53 23 84
8 34 26 2 55 8 98 49 23 9 22 80 64 74 43 93 20 92 51 24 4 13 30 4 66 28 16 86 62 40 64 9 43 87 64 51 63 83 13 1 71 95 61 79 16 70 27 57 67 63
92 44 88 12 78 23 98 34 96 98 44 3 38 83 7 13 0 34 70 73 19 71 79 23 16 48 23 5 72 1 70 25 71 29 67 78 39 34 40 61 37 38 54 34 70 52 1 1 59 56
43 3 42 41 14 97 28 62 53 6 47 56 68 64 35 79 37 3 24 58 31 53 18 45 31 98 89 18 48 53 73 86 53 77 97 98 28 66 92 90 43 8 33 97 49 85 44 64 66 14
94 100 78 1 39 78 61 83 97 55 85 16 97 29 11 18 9 33 62 14 25 61 27 76 93 29 48 39 50 24 83 74 63 40 44 2 39 17 63 47 21 21 16 89 48 62 16 37 62 12
