100
27 33 16 24 50 18 21 33 57 42 28 10 69 58 34 10 41 35 33 98 51 13 9 80 96 59 30 62 30 23 57 39 76 91 99 35 62 29 34 40 16 60 54 7 1 73 8 75 0 27 86 23 76 14 51 42 41 45 97 23 32 53 28 22 80 27 28 76 61 25 34 24 5 10 54 76 55 18 52 23 58 3 7 42 82 9 92 84 84 8 96 42 99 16 37 21 39 34 58 4
95 28 88 71 5 78 23 34 21 70 60 80 98 4 63 2 60 39 87 1 53 78 31 72 52 23 92 100 2 24 61 52 51 50 77 6 92 24 35 26 44 18 26 80 32 50 92 96 26 75 89 31 61 93 65 95 58 6 97 16 42 75 62 4 31 92 89 17 73 17 42 1 79 77 64 35 56 96 33 36 98 63 5 93 42 49 79 76 36 51 68 57 54 69 5 28 95 20 62 98
96 58 67 11 44 60 93 22 40 30 71 12 67 95 37 50 13 98 94 43 12 92 40 78 60 48 73 90 20 55 11 43 96 69 58 98 57 5 37 29 64 31 67 26 74 97 99 6 64 32 2 14 2 94 47 59 99 85 16 8 30 10 38 59 64 46 26 81 63 90 39 92 70 12 8 9 46 23 48 40 12 64 58 33 97 64 92 38 94 79 43 40 98 71 3 40 88 58 95 68
49 23 45 100 91 75 79 14 29 24 91 49 42 62 59 37 16 22 11 47 75 100 20 77 45 23 77 46 95 82 51 0 99 79 86 24 60 61 53 57 20 52 14 83 1 91 32 84 36 23 60 25 30 77 16 52 80 87 75 43 61 74 98 33 27 52 20 96 45 88 23 22 96 47 65 52 76 95 2 62 87 37 42 44 1 97 15 39 64 93 30 22 32 20 94 61 18 70 11 20
34 58 12 81 54 6 80 24 10 36 0 14 34 5 14 97 32 59 100 60 75 83 79 100 11 89 88 19 31 97 29 47 46 50 76 80 23 82 99 44 69 76 34 58 82 71 76 10 93 54 95 79 89 96 48 1 46 44 46 49 30 9 15 37 43 64 55 43 88 95 74 57 98 4 84 89 35 91 29 1 68 54 36 63 0 93 99 90 87 32 95 71 0 61 96 26 75 54 61 30
23 20 37 84 2 23 98 25 26 15 76 92 6 58 88 77 41 11 98 67 21 74 32 93 54 66 78 74 61 8 72 11 20 31 95 28 36 44 91 10 8 32 95 13 45 73 67 86 19 70 93 24 94 53 22 100 35 14 3 97 64 83 52 67 52 37 85 52 95 17 30 1 60 93 33 14 0 15 80 91 48 99 94 99 10 58 81 92 6 5 38 38 89 39 80 41 34 57 25 95
56 38 42 24 2 77 44 88 47 4 79 49 61 0 54 58 32 67 25 0 37 58 14 36 89 36 81 93 4 6 70 52 79 75 58 18 21 65 58 34 56 62 13 6 77 34 58 25 86 65 74 44 79 56 98 13 67 17 48 41 17 12 32 74 62 85 91 10 78 68 13 5 51 83 94 89 53 20 43 3 27 84 73 1 48 59 89 77 71 28 68 5 23 16 9 20 80 66 86 33
86 45 80 35 72 41 38 74 44 11 78 53 90 22 18 36 19 29 47 96 69 97 2 0 4 10 36 20 34 44 40 60 58 57 35 29 38 65 7 98 97 1 14 83 13 30 14 35 42 8 81 82 92 75 51 87 38 20 20 83 14 76 24 94 43 59 83 84 52 2 58 81 64 26 19 10 63 95 7 35 27 55 48 100 89 95 13 77 84 59 16 96 44 30 57 97 53 42 2 52
36 88 69 87 41 28 10 30 73 62 72 73 24 67 33 82 88 64 71 34 73 58 68 30 13 23 84 31 27 36 64 86 7 0 37 72 79 91 96 2 79 82 57 83 28 3 75 74 50 34 87 92 6 1 53 44 44 92 16 40 9 78 5 83 51 21 57 50 7 71 30 73 13 49 41 0 56 84 20 57 14 86 93 71 42 17 14 5 0 83 34 30 1 7 80 96 61 99 78 79
77 31 34 75 29 49 6 55 83 43 92 76 13 53 58 43 88 37 20 16 8 9 48 62 34 86 81 88 8 3 52 99 85 28 33 38 0 59 33 57 13 17 86 28 57 53 100 14 66 53 88 90 67 5 85 36 28 36 40 1 11 2 82 83 82 16 26 86 63 23 50 38 49 50 8 61 35 37 34 96 31 12 100 90 96 98 26 39 60 27 77 92 27 48 34 25 87 30 75 47
73 78 50 48 60 44 78 37 35 93 31 41 49 46 52 68 67 29 85 1 77 91 85 83 29 49 22 73 11 32 25 25 45 57 40 57 94 6 80 5 61 76 29 15 8 51 26 60 76 68 3 45 59 94 7 99 27 43 89 96 11 84 51 61 69 20 8 39 49 38 11 67 7 25 16 33 19 23 40 60 96 17 28 38 70 95 16 41 29 7 0 7 54 97 49 94 96 40 97 9
52 47 85 45 75 81 79 69 35 35 28 21 15 72 13 9 60 74 96 21 74 51 53 17 85 54 50 40 25 56 33 96 87 60 60 32 36 1 38 4 72 72 96 4 4 32 0 13 40 7 29 20 85 71 8 60 54 37 65 94 52 77 79 68 86 73 40 10 80 37 21 35 28 48 68 15 87 33 97 82 18 82 74 76 89 45 48 11 53 37 12 20 89 56 24 53 14 89 77 82
70 10 22 15 26 3 31 61 32 91 14 41 59 13 48 5 54 54 27 28 49 81 38 56 9 68 20 99 25 14 1 35 74 86 66 58 78 37 35 53 96 90 42 41 0 23 80 44 24 70 92 26 92 60 64 87 62 80 4 65 6 32 63 78 56 62 96 34 33 33 90 39 90 23 85 23 64 18 49 57 57 8 34 94 63 8 97 25 9 39 85 19 16 13 54 56 1 64 42 24
84 62 13 5 90 100 87 98 21 44 7 95 0 44 64 25 44 48 67 43 1 34 96 57 39 44 84 78 77 29 5 15 84 97 43 65 56 71 52 90 46 65 25 39 68 65 29 100 75 42 64 79 13 12 65 41 26 99 80 2 16 60 85 15 53 20 49 43 77 36 69 86 50 28 57 42 83 25 73 85 61 58 94 49 45 62 43 80 79 37 26 1 63 73 61 50 79 6 42 62
81 12 4 94 75 11 25 98 2 16 11 66 3 10 17 10 41 69 94 60 6 88 23 26 46 99 0 3 74 74 17 38 21 75 72 61 76 35 7 46 95 21 32 60 92 71 80 78 72 69 21 66 58 99 2 81 61 79 40 6 51 53 21 14 88 3 15 38 12 44 21 35 8 16 37 95 56 29 81 59 82 23 54 84 18 9 81 66 65 97 54 83 60 16 97 45 33 34 1 55
8 32 58 42 66 88 11 25 43 73 24 80 90 66 23 60 64 47 72 41 7 91 54 79 33 7 95 68 2 83 11 7 93 61 39 21 30 72 93 38 16 70 71 34 95 11 20 98 19 39 21 90 72 43 82 44 74 81 75 91 13 69 45 53 20 70 79 71 5 22 29 48 26 60 28 67 40 41 17 45 84 3 45 83 72 74 3 12 81 44 12 56 17 10 97 68 86 58 99 22
58 60 11 55 91 80 38 91 15 73 43 62 26 92 37 71 60 3 3 6 72 51 55 93 55 49 90 89 26 40 92 70 65 33 7 36 59 100 93 6 6 59 94 10 4 59 29 49 24 58 99 6 56 18 88 8 97 94 90 35 54 49 45 99 43 9 59 88 43 59 13 14 77 53 96 17 10 24 44 19 55 100 31 51 46 99 32 53 66 55 1 18 75 16 61 32 62 68 79 20
81 28 57 84 57 11 14 36 33 100 14 19 28 14 85 78 49 20 48 97 38 69 41 26 45 92 96 58 5 76 68 18 65 45 48 25 23 30 23 6 85 87 53 39 83 75 67 2 0 47 24 37 50 86 55 93 91 61 36 55 98 38 37 50 34 22 3 26 79 19 56 93 71 97 68 75 20 61 30 83 62 52 49 83 10 71 96 16 83 59 30 87 8 98 42 58 88 70 78 21
61 88 69 81 21 32 5 9 82 29 58 51 92 62 33 27 70 79 40 91 99 96 17 64 14 65 8 97 34 52 92 6 88 19 87 41 66 69 33 23 14 54 52 0 93 49 58 10 79 98 48 18 58 19 68 41 96 67 2 40 60 46 65 9 97 35 12 62 23 19 48 45 53 2 10 100 15 20 62 60 91 30 41 89 13 93 15 89 40 45 43 32 37 89 55 24 51 5 43 75
48 92 3 32 64 14 20 21 88 34 67 42 65 42 67 67 87 78 33 17 76 38 42 12 29 73 93 75 54 27 33 56 2 78 82 65 38 90 75 99 60 15 59 6 30 44 20 26 21 24 94 98 7 27 70 20 69 96 7 55 51 28 46 21 10 6 25 72 90 28 66 89 92 86 70 85 76 95 38 63 54 41 32 56 84 24 4 93 44 4 1 43 9 38 100 53 68 14 12 9
29 86 31 50 99 72 74 54 60 32 19 87 49 90 71 43 74 79 8 58 30 93 21 94 96 37 24 46 62 61 19 41 10 68 79 3 32 35 67 16 26 64 94 4 17 15 40 26 89 36 86 35 75 98 35 39 7 55 23 53 51 74 4 18 32 54 5 24 6 19 24 73 81 87 76 16 26 23 11 71 15 48 100 31 40 48 19 23 96 10 44 94 81 28 28 71 96 29 34 66
80 79 58 4 60 57 65 5 54 63 73 88 92 47 40 42 38 49 73 71 36 6 11 98 86 97 75 29 46 78 7 38 81 28 33 98 23 35 34 57 23 81 28 82 99 34 66 52 77 59 53 66 44 42 72 55 82 15 15 13 23 93 58 88 40 25 77 68 23 17 88 14 43 30 53 87 72 86 37 95 95 70 7 96 80 68 2 50 44 38 9 52 24 48 51 37 53 44 13 57
42 36 43 79 68 60 73 98 2 90 52 49 39 91 58 86 95 47 86 63 45 48 36 58 69 36 5 48 84 100 34 3 1 39 55 67 89 65 60 62 92 74 16 15 47 52 74 70 69 68 15 84 70 18 51 32 98 47 58 99 19 1 7 76 10 27 64 86 35 66 50 28 46 16 69 47 65 54 94 3 100 91 58 1 77 10 72 36 41 61 97 34 9 80 52 10 5 18 8 56
62 3 0 52 82 74 24 48 73 56 82 73 18 78 81 96 21 41 25 30 61 10 24 46 97 63 17 41 31 31 40 23 61 54 48 71 15 75 6 58 36 37 3 67 76 38 1 64 71 94 88 90 9 90 4 48 99 51 84 18 99 99 29 96 91 79 44 12 83 96 80 51 69 41 66 65 86 74 17 50 82 68 1 90 23 50 10 71 48 63 41 73 37 56 12 50 81 62 15 93
91 26 74 0 12 19 73 71 94 9 0 69 35 97 5 53 97 39 21 69 18 80 78 68 83 5 79 30 81 96 58 31 76 57 10 69 90 61 22 50 0 8 65 64 21 1 26 16 9 12 16 37 21 95 83 56 90 62 0 88 91 86 21 71 99 5 36 98 38 12 49 40 85 26 36 70 80 62 69 23 27 52 57 48 74 81 77 21 97 25 71 25 51 57 78 59 87 1 96 81
52 3 43 26 56 14 80 12 38 83 2 32 75 5 77 84 65 75 66 38 29 39 90 88 82 5 35 74 4 40 9 38 95 10 66 69 64 76 7 43 38 55 26 37 6 86 6 71 67 99 56 89 39 25 49 40 91 35 56 39 22 68 55 15 44 79 54 93 11 15 39 10 28 92 32 44 71 38 59 64 5 71 74 12 19 1 81 51 17 87 45 8 55 15 92 3 63 26 41 14
50 49 13 68 89 94 45 50 99 50 44 52 9 30 43 85 40 76 53 30 47 74 83 72 12 12 72 81 53 12 100 82 67 62 74 27 41 22 92 80 66 85 22 23 80 89 29 92 48 15 33 79 0 53 88 19 35 27 40 89 89 72 55 18 100 10 100 19 62 16 78 2 34 51 77 99 22 24 19 100 88 71 66 54 10 99 17 32 50 35 61 89 79 40 9 75 32 84 100 20
20 67 84 90 43 16 11 98 1 62 33 19 81 30 96 51 75 30 77 28 11 29 41 39 91 37 10 32 53 38 32 28 22 6 15 13 3 97 66 27 94 25 87 22 81 68 21 10 54 78 8 11 0 4 94 2 49 40 38 52 90 23 78 46 7 72 86 74 36 74 86 65 87 81 49 93 58 83 32 94 51 30 96 50 55 88 33 86 6 53 68 34 33 20 5 76 59 39 76 38
71 43 100 96 56 19 75 15 80 18 63 35 56 65 65 45 89 42 34 40 20 84 0 95 51 95 3 7 10 38 4 77 21 74 75 19 52 22 21 44 81 86 95 12 43 36 95 37 31 83 4 16 31 52 51 63 77 92 46 81 71 99 94 30 21 59 6 17 21 90 80 41 55 42 67 52 61 41 24 87 4 36 86 43 5 87 7 42 32 66 59 67 24 36 88 62 5 85 58 67
66 23 23 2 16 27 92 79 6 22 74 61 13 90 91 90 29 55 23 62 99 79 60 45 27 28 97 50 63 31 75 10 23 93 89 75 25 87 84 13 48 22 85 35 3 4 86 94 68 39 23 28 54 68 78 53 17 60 59 27 69 8 22 77 10 98 50 9 5 32 36 89 52 11 30 34 14 55 12 27 75 89 100 80 44 55 22 67 44 83 30 83 85 33 68 91 97 86 96 16
0 64 52 77 21 89 29 64 20 28 14 77 6 19 3 44 66 68 46 5 61 57 65 52 82 32 13 68 59 57 33 70 99 10 28 78 33 45 6 6 50 9 70 47 8 56 37 27 58 11 51 91 32 70 14 64 54 94 11 26 35 35 59 36 55 50 20 27 91 31 21 97 90 54 92 89 49 24 79 70 35 51 70 62 59 100 99 85 46 93 71 28 57 53 93 10 71 52 67 85
66 40 68 39 0 36 29 47 94 98 8 6 60 85 4 34 89 3 99 29 29 72 11 76 89 18 36 98 4 22 32 10 75 96 40 38 13 71 72 23 25 76 62 51 48 53 22 41 82 13 56 49 74 84 88 2 59 46 93 77 51 23 13 47 81 31 5 24 51 6 43 52 16 94 37 90 78 79 57 93 33 29 36 75 70 31 21 62 28 56 44 77 20 65 78 34 78 47 6 87
34 43 34 45 29 39 80 23 33 29 38 21 84 71 90 29 12 1 79 96 95 91 94 79 48 10 4 53 6 24 44 41 60 93 2 84 100 32 38 15 86 16 79 100 46 83 32 50 22 26 91 88 19 95 56 25 77 81 95 67 19 44 54 35 44 68 88 42 98 22 86 6 61 93 87 10 74 0 34 93 5 40 84 54 57 80 48 98 98 67 7 50 100 1 19 32 59 22 62 72
56 53 24 46 91 19 36 56 32 39 88 36 34 7 3 88 42 72 11 76 94 60 96 74 84 33 30 2 3 19 9 78 17 28 58 42 54 17 17 58 65 42 79 47 25 22 85 89 96 46 97 80 65 1 61 13 31 1 0 27 37 36 15 5 74 66 16 5 78 68 14 65 3 99 20 64 3 54 55 68 89 24 26 87 49 25 0 50 20 76 100 93 1 19 34 55 19 86 11 38
33 58 27 65 23 74 17 79 12 11 68 5 40 35 88 62 87 67 89 80 10 100 14 53 80 97 28 94 9 33 84 62 2 58 5 89 50 35 29 98 66 60 82 5 92 24 53 69 28 80 89 54 84 95 72 37 50 68 67 77 42 34 56 36 42 85 24 67 71 11 31 78 28 11 72 25 68 94 16 90 53 7 0 86 74 68 13 31 78 62 28 76 21 17 58 94 77 97 39 4
81 29 42 76 4 78 0 56 2 20 51 64 37 60 57 69 62 0 44 77 69 6 72 30 8 32 7 45 82 45 66 27 89 1 85 51 87 89 7 20 24 20 37 84 58 33 26 16 0 28 48 96 92 71 10 83 19 14 40 54 87 19 12 3 35 60 51 45 3 6 55 54 51 9 33 2 7 41 72 83 56 78 8 6 11 0 17 29 89 32 20 50 9 43 95 61 10 12 98 88
51 66 89 73 75 51 76 100 9 46 95 42 97 98 61 60 40 14 48 57 58 60 72 43 6 91 22 94 90 13 89 29 24 1 33 81 9 11 59 76 12 75 29 66 87 13 69 84 22 100 21 32 33 5 21 55 98 74 13 48 67 35 90 84 97 16 43 33 58 74 49 80 18 38 99 60 8 54 0 84 54 66 94 60 45 32 87 5 51 92 98 84 8 31 89 17 63 38 14 36
8 43 59 16 42 63 69 23 72 21 46 55 22 53 96 34 91 74 94 55 29 15 34 90 99 78 60 69 22 87 60 68 89 75 6 23 19 79 98 60 75 63 8 93 74 7 86 17 5 62 60 25 26 82 9 14 70 55 2 5 37 75 32 25 59 70 81 39 96 32 3 53 90 30 5 21 98 60 84 95 54 60 85 99 6 49 30 14 20 43 67 80 64 3 12 73 9 79 94 57
84 43 1 14 79 58 52 88 94 16 40 81 56 80 97 24 42 13 42 29 9 97 58 36 12 76 79 15 61 37 21 42 28 24 4 70 48 8 97 77 35 36 31 57 11 41 6 22 100 41 40 71 48 44 77 66 11 13 7 31 9 55 96 55 1 100 99 81 60 72 86 27 4 47 4 3 41 73 70 57 29 45 73 54 57 88 45 39 5 69 83 13 21 48 16 65 89 96 56 67
35 19 20 70 33 50 26 36 89 54 80 42 81 25 90 25 98 27 47 89 85 26 18 15 43 29 74 43 69 33 92 99 38 34 20 90 83 51 45 7 44 11 47 56 95 6 2 80 14 75 33 54 69 31 22 32 70 44 34 94 16 60 91 42 50 6 15 25 97 5 72 47 98 25 80 7 69 40 13 83 97 85 64 47 59 47 90 83 70 16 44 14 26 85 83 78 43 58 11 56
84 63 28 55 24 70 23 36 99 70 83 67 29 6 26 25 14 5 20 82 5 70 57 74 82 63 51 1 8 76 81 86 9 60 81 63 33 80 8 97 15 95 28 16 36 56 93 23 77 47 57 74 83 30 22 14 4 86 88 51 32 72 0 17 62 94 25 43 100 70 47 6 27 84 73 31 77 3 27 75 90 80 62 60 69 4 54 35 29 16 62 58 4 80 67 6 11 3 5 15
58 97 11 86 12 23 57 31 76 3 22 85 56 92 48 25 73 70 47 78 12 35 0 14 17 11 88 100 40 43 92 93 32 1 47 89 68 85 83 91 60 11 42 53 98 74 8 24 28 91 22 68 42 62 30 61 97 100 92 37 37 39 31 9 55 81 99 37 77 59 3 74 37 58 24 96 71 39 61 62 69 67 73 24 36 48 47 66 33 67 6 72 56 50 7 18 16 58 31 51
4 67 59 92 19 19 74 9 24 35 25 46 16 28 39 31 54 6 94 68 26 50 33 24 92 54 11 71 94 48 67 92 23 47 60 85 52 78 51 70 44 25 73 18 49 98 62 27 21 54 94 95 81 41 48 60 54 27 27 59 88 83 80 4 76 23 51 96 69 1 18 47 82 67 50 85 65 65 55 20 51 88 90 28 31 39 51 75 66 81 88 63 44 4 83 95 94 43 76 78
88 50 32 89 70 98 39 84 89 66 45 77 90 22 27 52 18 93 52 100 63 28 1 90 53 15 79 59 0 50 80 95 51 36 79 27 75 68 54 41 100 43 13 82 22 98 40 42 35 99 87 46 50 20 27 13 5 15 21 3 89 92 8 22 64 66 46 82 19 84 29 29 46 64 34 71 26 49 50 30 86 40 87 98 40 83 22 81 65 98 23 87 81 91 66 38 82 59 12 74
24 44 64 23 3 22 95 98 23 29 64 69 53 94 79 88 25 70 24 11 21 98 99 32 2 39 68 94 14 20 2 28 65 38 75 50 57 83 23 91 26 20 55 61 91 38 67 39 35 38 72 83 0 83 2 97 28 79 10 73 32 56 69 91 91 57 92 86 48 68 71 31 64 6 71 17 88 55 27 59 70 0 92 99 35 94 20 63 14 22 47 17 18 37 72 39 1 48 49 69
94 70 23 8 13 83 93 76 42 46 57 67 17 82 70 95 96 39 38 75 94 82 43 20 16 5 71 77 26 23 84 92 4 16 19 71 78 34 23 87 29 56 22 17 63 37 71 73 28 22 84 0 61 11 63 54 10 87 7 75 45 59 22 48 68 16 32 63 25 94 81 22 71 25 89 84 9 6 48 23 68 44 65 72 2 93 96 26 60 96 72 25 22 99 44 42 38 36 94 50
27 53 21 34 61 76 54 5 6 76 79 75 9 78 37 0 55 26 87 17 79 85 6 6 27 21 0 21 72 82 93 58 19 28 40 10 100 39 0 51 67 61 12 80 60 13 89 100 87 9 59 78 25 70 14 84 94 0 6 37 65 88 41 29 53 40 74 20 14 29 12 47 63 51 8 88 90 80 34 33 19 85 84 1 80 4 22 78 5 88 40 10 83 83 53 94 78 59 93 41
72 81 18 53 77 16 35 29 55 96 100 40 22 60 71 9 38 40 26 3 71 67 40 24 19 95 40 31 89 33 8 26 46 84 55 98 93 70 52 76 37 15 74 87 28 72 24 6 48 61 57 96 40 35 98 67 33 58 22 92 19 54 34 40 15 7 8 1 74 90 99 3 70 60 30 18 81 0 35 37 15 83 13 7 27 18 15 3 67 3 65 81 19 41 58 66 10 59 1 62
65 7 31 19 49 37 62 59 88 60 88 96 60 37 23 30 63 67 34 34 39 82 30 59 54 27 24 31 9 97 46 22 17 8 23 16 28 46 53 60 66 8 52 26 50 87 7 18 34 72 86 8 22 55 80 53 24 64 90 6 77 18 33 4 58 26 39 71 32 36 66 54 89 36 38 4 72 36 9 73 18 69 53 77 61 76 82 83 79 39 33 60 47 14 26 80 100 90 55 41
92 17 100 96 92 81 31 9 8 13 85 0 51 76 12 78 10 83 77 43 94 20 32 93 41 19 81 12 89 56 68 10 1 22 31 76 72 22 83 78 14 40 84 19 76 32 37 53 95 22 64 32 40 0 37 44 53 98 59 100 100 98 63 7 14 44 47 30 5 39 7 40 67 50 29 53 100 63 1 74 79 69 56 92 85 45 66 5 30 7 66 81 88 18 59 53 33 14 95 43
100 9 86 97 21 98 83 88 39 62 56 11 48 3 62 33 25 4 49 24 59 97 42 70 17 90 65 98 62 39 92 25 97 12 63 34 57 82 50 42 18 91 77 42 71 13 100 85 70 32 97 90 25 55 14 7 0 4 56 84 10 24 44 2 29 100 8 53 63 3 47 1 33 2 28 85 3 71 10 10 32 92 31 68 3 31 15 30 64 30 37 69 30 14 67 95 86 17 55 68
93 52 39 22 59 97 56 90 33 5 21 5 92 17 67 2 3 57 93 52 95 66 96 80 50 4 90 16 54 19 85 53 13 13 88 70 62 18 85 55 12 46 38 48 68 35 79 31 33 96 52 2 32 91 57 67 83 58 65 65 70 68 3 89 95 61 2 62 46 11 80 41 57 49 10 22 52 34 100 73 49 17 97 57 37 89 72 39 3 72 24 4 84 89 84 65 66 37 62 33
0 79 96 100 53 90 57 92 1 74 16 30 23 45 34 45 48 59 92 94 44 59 43 52 97 63 40 21 23 37 20 37 47 54 58 4 94 18 80 85 50 2 45 88 76 98 53 37 97 92 52 26 15 33 6 26 39 24 54 55 50 73 68 53 56 80 60 31 9 77 1 40 31 10 92 86 95 94 41 40 75 48 87 24 62 21 21 71 98 35 96 75 65 12 83 51 47 50 55 78
90 15 61 93 11 52 80 33 79 29 16 82 84 83 97 36 93 44 93 3 54 28 57 99 53 93 97 93 59 88 21 50 72 94 77 94 100 32 86 47 80 80 59 16 41 52 77 78 51 10 62 2 94 16 53 50 70 56 75 85 87 50 75 50 32 4 55 85 27 65 3 71 18 35 18 91 25 2 16 18 14 78 83 62 73 2 21 82 79 84 46 28 70 1 100 87 58 85 13 90
25 36 80 38 44 33 17 12 16 34 89 19 95 67 66 70 23 100 49 1 73 94 4 9 5 28 5 1 47 22 30 63 44 75 20 68 78 8 96 27 67 54 93 1 30 65 57 67 54 41 15 11 97 50 80 25 71 31 78 70 88 39 55 58 44 16 18 9 64 24 31 76 5 66 55 47 100 56 63 24 31 48 43 1 23 32 56 33 2 55 95 64 29 10 65 41 60 33 18 14
5 2 91 91 100 37 62 97 79 83 62 4 32 98 30 62 84 2 0 6 11 8 0 16 22 17 72 97 84 3 30 47 62 63 12 63 39 18 29 74 8 93 49 9 29 47 6 41 66 12 64 35 87 80 90 86 93 25 53 22 69 58 59 27 43 64 87 36 9 98 100 83 26 20 72 96 50 25 66 94 12 28 40 16 29 87 1 97 56 65 16 86 19 0 63 96 87 67 67 36
45 71 86 28 59 80 68 15 14 61 95 39 70 96 100 50 98 48 54 12 64 35 11 12 56 19 62 34 99 4 15 97 51 56 47 34 6 74 31 16 85 23 25 32 20 47 83 21 65 32 53 86 22 28 83 51 77 94 34 50 66 5 70 59 57 63 42 98 20 18 83 79 55 83 51 32 80 11 9 79 41 52 88 89 15 50 23 38 91 35 99 82 49 68 63 17 82 46 29 52
47 88 95 60 74 83 49 34 99 52 27 68 1 34 84 80 47 62 28 26 60 16 46 38 25 4 78 30 88 42 43 31 43 47 48 44 60 12 41 95 13 81 90 7 68 53 18 71 82 61 62 97 50 30 54 94 9 91 85 93 36 92 33 90 29 77 27 85 88 87 89 4 16 42 97 85 64 52 79 17 59 60 33 93 36 77 75 28 3 31 24 48 38 7 87 62 66 95 22 44
27 45 67 7 11 10 79 38 6 42 90 90 29 32 22 62 13 72 72 47 10 82 65 86 73 6 58 42 88 18 53 87 36 45 2 45 77 35 83 43 19 33 43 12 37 68 52 47 69 46 98 93 60 66 14 41 14 74 34 62 88 28 9 27 84 57 71 57 64 33 81 84 72 52 17 6 75 47 58 50 71 53 52 67 76 30 80 73 31 40 10 44 43 37 51 47 72 37 69 93
98 9 84 38 43 15 54 72 3 31 89 4 67 64 94 95 40 30 60 80 86 83 66 95 11 52 2 6 82 97 9 17 24 81 89 7 18 31 100 56 87 68 95 9 34 45 39 59 98 6 90 97 52 70 9 38 96 89 79 22 21 68 43 2 61 4 46 84 85 11 59 90 29 75 79 54 89 4 55 84 6 74 46 90 99 56 87 29 49 2 8 27 37 84 96 23 84 46 36 87
91 48 19 73 15 33 16 42 11 26 83 56 31 78 30 61 29 2 49 0 3 70 100 35 19 69 96 34 98 44 84 6 3 3 70 8 96 11 7 90 5 11 35 85 91 20 78 40 76 9 28 74 85 88 96 48 52 12 78 26 70 5 18 12 3 12 21 29 74 3 67 2 58 74 83 57 47 57 38 98 72 49 0 40 86 93 34 56 77 37 34 28 13 83 89 17 33 46 31 58
44 97 53 93 12 34 6 15 5 50 3 63 20 87 58 0 32 28 85 2 8 87 53 47 48 27 86 64 2 70 1 33 97 64 30 17 94 23 26 46 16 23 89 49 13 76 39 37 14 96 44 36 82 3 29 6 14 14 61 21 54 2 58 0 76 24 67 41 56 67 29 37 75 76 90 4 35 9 40 85 16 84 1 10 73 3 22 21 73 70 32 93 36 78 11 94 97 92 32 98
12 32 10 66 42 9 19 71 49 11 37 48 64 100 16 13 43 56 58 53 86 27 25 6 43 98 87 92 43 81 88 7 69 84 90 86 100 26 57 60 74 18 52 61 88 30 37 23 90 44 86 35 98 67 34 29 16 94 42 22 64 36 57 64 11 17 2 61 94 24 24 94 22 43 88 97 99 13 19 2 99 48 11 78 38 62 94 41 33 57 98 10 9 51 71 58 100 98 63 96
77 82 52 80 83 14 73 18 11 83 3 83 33 91 33 44 44 58 0 74 10 96 71 51 92 26 72 14 84 17 39 65 82 13 88 100 9 63 56 93 66 47 4 14 22 88 78 30 43 78 40 40 32 91 17 59 58 57 53 81 77 99 33 9 84 56 86 36 9 6 16 83 38 76 24 50 79 42 94 50 77 16 59 26 77 20 59 77 88 87 78 0 68 62 85 21 88 51 56 68
88 65 3 77 30 58 78 58 82 67 97 72 90 47 90 99 71 45 40 74 52 68 26 82 44 2 16 46 93 88 31 48 49 57 72 77 65 61 39 72 75 47 42 78 23 39 33 26 83 50 97 11 41 81 79 83 26 73 59 60 65 71 34 43 86 57 32 100 22 90 39 41 75 81 30 40 53 83 87 26 55 74 96 100 86 15 90 54 76 32 45 88 9 61 97 91 45 0 82 77
65 24 52 70 42 44 83 81 69 28 54 15 93 44 59 92 90 47 100 78 97 12 16 97 5 19 82 56 31 62 69 61 20 56 77 67 100 69 91 47 57 60 37 29 100 68 52 48 78 94 68 18 87 2 57 86 29 61 23 8 98 82 35 69 93 88 9 91 96 64 20 8 22 42 13 61 57 50 84 16 12 43 58 37 44 65 73 87 49 60 39 97 56 100 27 89 44 63 99 93
21 38 55 65 57 1 62 53 66 12 52 2 47 17 36 100 47 26 86 37 82 76 37 62 21 61 87 26 15 14 66 16 73 67 34 100 63 19 43 96 59 36 88 64 98 39 31 95 64 16 88 3 39 1 31 4 21 94 76 13 75 36 17 11 9 42 96 36 49 83 2 11 34 96 96 70 30 23 27 6 69 91 52 29 0 43 11 64 5 6 60 42 4 6 77 25 67 85 69 19
60 85 79 60 1 88 85 81 28 81 16 54 25 45 46 61 18 72 6 86 46 94 82 91 87 57 48 25 43 6 6 27 48 14 47 27 48 1 21 69 40 48 28 0 10 7 68 10 23 88 27 24 18 54 89 15 34 82 91 91 54 81 92 37 66 81 47 98 93 30 26 0 55 65 77 43 61 18 73 77 29 28 16 87 65 86 99 77 38 60 76 66 73 19 12 88 5 8 93 28
59 29 53 32 57 9 2 42 19 72 61 82 51 51 59 22 59 97 19 6 51 87 7 99 6 96 51 88 2 8 61 75 24 89 52 64 97 90 92 78 18 13 42 86 33 41 6 41 88 77 100 15 84 39 51 44 57 50 61 44 87 70 96 22 58 85 54 31 0 74 100 33 12 73 34 32 48 56 27 48 24 47 77 54 77 88 17 83 25 41 13 39 84 8 46 67 78 48 62 65
74 83 61 12 94 52 82 86 94 3 77 73 20 84 91 4 79 17 51 52 51 87 84 56 86 25 18 3 42 48 91 86 37 44 2 95 32 8 2 71 86 79 47 23 77 91 14 60 89 24 76 39 89 10 52 91 27 71 93 60 13 90 30 66 91 37 98 40 30 12 25 40 62 91 22 11 97 85 53 70 31 33 86 78 22 86 17 91 32 77 18 39 12 22 66 46 49 43 0 32
25 80 57 85 96 40 15 66 96 85 25 58 94 1 35 17 18 41 39 75 2 9 72 91 8 88 64 73 97 56 27 38 60 87 16 20 29 74 81 77 94 35 84 53 90 57 100 21 30 26 96 65 37 45 86 18 17 100 39 98 66 7 48 83 50 80 28 44 21 50 15 2 76 90 20 76 25 46 34 51 92 52 87 47 67 55 28 39 55 87 1 7 49 13 95 85 20 32 19 28
61 12 95 8 42 69 28 4 1 74 9 18 54 86 40 28 67 7 57 55 14 74 47 25 46 23 73 34 75 76 25 56 64 78 23 77 36 39 33 50 37 63 10 68 1 16 100 7 35 54 39 85 26 72 12 39 42 2 26 14 39 81 19 6 50 48 54 81 63 57 60 69 69 50 42 29 64 76 11 62 97 98 40 3 44 65 38 13 93 73 26 25 79 88 73 91 14 45 85 61
88 24 30 0 67 94 87 53 46 84 68 1 92 1 79 91 55 66 94 10 52 7 31 47 10 59 43 4 90 43 67 79 64 18 1 86 71 67 32 95 18 32 8 0 72 28 36 5 94 97 37 84 13 68 79 53 16 72 2 38 92 18 17 66 40 52 4 36 38 75 54 75 75 27 86 3 57 33 24 51 15 31 78 97 45 4 15 63 34 34 52 60 57 44 11 71 75 80 43 18
82 45 41 72 44 16 3 79 85 17 16 93 91 91 33 65 21 57 88 82 47 56 50 80 49 30 69 2 22 89 54 83 68 27 12 99 75 69 80 89 33 32 56 70 37 14 83 6 45 53 82 17 49 54 89 49 35 16 48 85 3 96 34 17 29 3 36 80 56 95 31 44 19 46 18 83 89 32 20 92 51 24 54 33 77 18 64 68 65 43 39 74 66 51 80 22 42 20 0 81
59 38 37 42 28 90 2 43 15 78 19 10 8 2 60 79 24 51 43 62 98 83 93 80 67 9 95 76 83 53 57 30 61 99 66 13 7 64 8 36 37 0 7 20 52 3 34 35 67 89 92 25 16 23 22 37 4 89 86 78 50 89 32 73 72 84 86 29 9 4 82 19 88 81 60 71 1 51 50 99 70 21 3 84 8 6 15 29 11 8 46 10 57 38 17 84 75 25 99 12
71 77 12 56 61 13 38 44 99 7 4 41 13 5 50 54 74 14 63 17 72 44 41 68 77 21 7 57 75 76 73 97 30 99 9 94 69 69 37 51 30 35 82 8 36 17 13 53 6 11 29 14 74 33 78 60 87 19 40 4 34 59 52 52 79 81 5 100 72 71 44 28 47 73 70 40 89 14 90 70 44 59 67 41 96 45 50 19 87 11 99 81 20 24 84 72 70 52 61 0
98 44 59 32 44 3 71 55 71 23 61 37 45 92 25 25 19 41 84 17 4 8 20 22 51 61 13 24 64 0 52 19 36 81 19 77 10 95 100 90 75 30 24 14 41 82 52 48 59 90 36 4 28 79 17 38 45 40 27 24 78 95 40 41 31 92 74 80 3 5 70 66 39 92 55 15 22 89 64 87 1 10 5 34 59 51 22 35 21 79 85 91 43 59 50 100 70 91 37 25
16 92 47 69 87 22 28 60 38 79 51 79 9 50 4 97 42 66 93 74 16 30 49 55 57 5 37 7 75 55 24 0 79 8 99 21 50 39 98 63 34 56 41 42 67 84 5 78 8 55 70 37 90 15 6 67 77 39 36 35 47 23 8 49 5 53 17 100 2 55 11 0 69 79 74 25 96 9 7 81 11 83 89 29 81 35 38 2 82 63 85 57 90 27 14 64 91 93 85 76
60 6 31 97 25 33 28 26 66 8 70 62 15 60 98 22 61 59 60 73 70 10 87 19 56 27 32 10 69 66 82 6 72 48 97 37 32 48 31 97 84 95 42 23 4 90 30 96 85 36 40 27 62 77 56 29 3 57 3 91 61 92 60 47 9 35 95 14 80 7 50 62 80 61 81 31 72 72 45 66 81 47 77 88 20 80 95 70 54 24 87 54 18 58 71 66 61 38 49 88
61 0 14 10 22 85 23 40 27 57 69 80 69 99 24 39 40 37 82 10 80 50 66 59 16 95 48 33 45 62 85 26 92 70 49 84 84 30 17 21 60 12 33 84 88 99 10 9 36 92 46 75 68 74 45 14 30 93 71 56 74 94 81 55 85 6 19 53 58 79 100 60 7 17 55 69 8 84 40 55 24 61 74 76 25 44 13 63 84 21 85 90 12 7 89 27 53 6 11 49
83 5 62 9 9 60 54 71 15 94 37 51 21 32 79 97 51 59 16 36 17 63 3 78 31 99 26 73 34 75 18 57 55 88 98 45 49 39 93 24 77 74 82 16 75 75 91 0 10 10 2 30 59 59 32 10 63 93 75 85 23 65 98 13 49 55 89 42 40 79 71 14 87 21 82 76 76 65 49 67 37 8 75 28 4 55 70 53 78 24 86 82 23 49 85 47 7 71 62 82
29 76 63 89 79 39 86 49 70 95 43 99 28 32 92 92 57 63 98 20 98 65 14 57 76 40 52 26 53 47 59 1 80 48 21 56 62 54 37 63 29 37 69 16 66 42 79 92 45 41 50 26 54 21 17 21 38 61 77 0 1 42 81 82 70 82 74 3 34 48 13 60 18 28 71 65 46 96 93 40 46 8 50 40 61 21 26 46 99 81 7 36 11 21 63 33 72 40 64 53
27 97 26 72 3 93 98 71 14 59 10 40 23 79 82 45 67 91 61 100 19 96 74 76 55 9 88 90 45 10 83 76 54 22 54 64 57 31 35 42 5 65 89 67 4 24 7 13 39 52 48 95 15 23 92 76 2 94 31 25 35 89 98 85 5 85 5 73 19 12 73 38 69 77 9 92 5 53 74 30 60 21 65 0 9 93 30 33 55 0 26 60 47 7 30 45 25 8 40 83
32 32 57 49 84 65 57 79 28 37 75 57 75 75 53 90 92 19 46 88 68 50 38 23 7 76 16 12 11 99 57 33 49 24 0 36 31 99 66 76 32 68 84 60 18 63 56 74 48 1 35 35 30 7 90 98 92 28 36 1 76 28 79 30 87 65 22 11 89 84 28 63 38 37 18 80 48 96 23 76 79 71 3 19 56 67 20 17 64 94 35 87 32 40 53 40 56 17 64 99
53 7 17 61 45 78 71 49 1 1 40 56 31 81 33 91 44 67 22 62 31 37 36 67 13 23 80 96 5 19 72 35 87 70 75 17 62 0 5 84 38 99 44 67 14 35 44 76 100 89 77 62 63 79 25 3 65 50 31 7 29 92 83 27 72 75 35 28 91 100 22 61 41 50 60 41 11 44 45 62 82 37 53 71 63 24 91 44 78 90 20 41 34 69 93 71 20 83 17 1
71 15 72 60 47 23 84 99 16 85 44 52 49 50 89 46 92 74 52 93 66 31 91 76 43 25 99 65 39 31 78 13 23 45 79 26 42 10 59 52 49 56 42 69 37 54 48 80 94 89 65 88 25 3 13 19 96 34 6 82 76 24 22 40 79 2 5 40 12 14 22 23 78 41 88 18 55 97 91 65 66 80 36 0 70 83 12 59 97 88 9 85 79 52 43 31 82 68 91 15
75 9 72 57 42 47 92 64 78 14 87 15 28 15 11 32 94 13 64 59 73 15 25 6 53 68 10 30 91 34 15 100 99 72 22 36 73 89 52 83 9 61 39 28 73 60 100 22 34 80 44 62 24 89 57 37 53 1 58 99 88 77 29 43 75 48 16 93 28 22 41 58 17 22 25 80 61 61 39 89 58 39 21 2 62 9 67 32 43 59 65 56 9 75 20 32 82 40 1 83
68 62 47 87 65 30 21 28 29 28 84 0 51 83 18 73 23 76 94 75 84 75 78 42 92 58 36 42 99 38 25 91 24 8 90 60 11 20 100 27 81 38 32 98 55 27 23 75 17 61 48 77 6 75 89 52 87 77 61 36 42 31 51 28 90 90 54 19 23 80 67 56 18 97 56 88 41 58 23 37 67 40 85 54 29 67 53 48 18 91 30 84 0 80 36 52 51 20 57 64
31 38 0 82 10 27 70 63 1 36 62 89 75 62 33 65 35 4 82 99 73 82 41 33 100 37 35 76 41 78 36 33 93 60 53 46 23 57 86 29 39 64 4 47 23 34 69 90 5 82 39 37 18 8 18 86 36 58 70 88 79 26 82 39 43 37 19 9 13 31 77 11 18 55 1 57 26 28 1 69 81 86 84 2 56 2 78 22 17 35 64 44 19 10 46 86 81 49 92 38
44 61 1 90 97 23 28 37 64 4 47 22 95 64 35 73 35 26 95 24 95 2 20 24 59 90 95 0 64 49 63 22 45 70 71 27 39 0 1 64 56 87 37 46 99 95 17 63 53 2 38 49 82 0 69 67 91 93 17 61 67 6 99 22 31 9 46 66 27 47 54 28 77 51 41 25 57 18 73 17 55 21 41 42 24 100 87 3 47 86 95 94 62 99 5 94 45 48 64 64
88 60 9 6 49 30 4 8 48 40 91 62 22 3 64 42 77 59 100 64 42 54 34 76 85 24 93 68 10 23 12 70 34 25 19 9 49 44 5 12 36 10 60 80 54 28 96 73 43 100 31 30 40 2 32 11 74 37 20 66 73 38 44 95 6 98 58 6 69 72 7 94 98 60 86 58 19 54 100 58 98 43 29 30 4 98 59 90 40 78 41 98 27 14 1 40 93 61 1 18
60 13 69 24 86 63 69 47 4 68 75 9 24 80 20 32 28 94 1 31 93 44 3 88 41 30 47 90 63 69 90 24 78 86 36 5 28 33 80 42 58 13 65 39 38 92 96 73 37 28 89 44 83 7 48 80 55 69 94 87 70 38 41 52 88 72 82 94 71 84 83 78 46 41 56 22 63 31 94 32 4 7 63 79 33 35 19 66 43 32 56 12 15 20 6 66 88 81 74 27
18 91 45 74 17 73 72 79 66 36 68 82 2 35 27 30 16 14 89 74 11 37 40 50 26 24 9 2 1 10 86 84 72 38 63 41 69 66 10 24 83 63 69 19 2 76 88 1 26 24 50 71 85 64 56 24 70 16 20 75 30 36 31 93 26 54 44 4 66 13 15 54 1 0 7 68 97 56 89 38 41 51 60 35 27 4 66 11 84 42 64 75 27 17 6 4 85 65 30 57
50 39 4 0 20 83 36 100 27 6 10 85 100 47 13 65 23 62 89 78 85 33 20 13 10 52 97 17 60 71 78 91 40 93 96 85 37 71 77 20 40 23 31 26 13 82 18 50 90 24 82 52 27 11 4 67 46 6 3 75 15 16 60 27 59 78 23 20 98 22 42 60 49 46 3 70 50 33 42 91 31 74 15 81 81 16 61 64 64 89 29 3 100 15 22 27 33 51 6 73
85 37 68 63 74 95 9 90 43 62 59 69 3 61 47 67 87 31 60 60 38 45 76 16 17 31 10 39 96 49 53 72 47 97 48 42 51 22 26 75 56 15 71 52 1 56 81 45 16 50 71 33 52 67 54 0 43 11 98 24 56 79 11 64 80 54 84 86 10 89 68 4 85 34 66 66 13 42 25 43 72 53 23 76 32 65 5 69 28 20 25 16 17 67 52 32 90 49 17 45
8 50 1 62 86 60 11 63 97 0 44 22 13 54 97 33 65 56 29 10 89 55 56 13 67 74 73 84 68 30 72 93 0 1 49 59 23 28 15 92 92 26 43 40 82 77 55 7 61 50 98 69 23 99 24 59 22 64 76 16 82 30 56 31 24 17 34 76 38 84 73 3 84 84 21 56 87 71 56 58 70 63 20 87 87 71 42 23 93 42 47 62 42 88 56 46 66 48 98 1
6 69 51 58 79 17 63 48 52 75 21 25 87 98 20 79 34 28 6 57 87 79 21 17 73 82 3 29 24 19 22 20 64 80 13 89 7 27 75 34 10 36 40 52 51 96 54 40 63 79 45 54 43 21 14 98 65 46 9 66 64 34 65 22 2 99 59 71 26 46 9 10 91 94 7 32 2 71 69 50 86 58 78 51 36 7 41 8 41 77 7 93 22 6 94 65 29 33 40 46
27 35 19 76 39 17 0 21 48 9 94 29 15 10 98 22 21 35 82 55 1 17 67 80 73 95 6 35 71 90 5 19 98 51 43 75 81 71 75 23 42 15 7 18 73 4 62 40 50 39 30 33 94 71 85 25 43 84 38 14 10 41 67 85 7 20 36 96 48 8 5 52 55 89 50 50 84 8 68 94 38 56 2 41 68 19 92 89 6 43 35 9 36 82 67 21 54 29 28 58
68 83 27 80 72 34 45 55 52 27 95 16 50 4 64 18 66 83 75 90 67 54 57 50 99 98 55 36 76 24 80 17 57 14 2 74 67 54 40 86 40 50 9 51 73 30 6 29 64 0 50 96 31 54 22 96 87 88 24 93 23 61 55 28 13 11 8 45 61 48 98 44 43 91 27 22 82 93 83 42 76 63 62 35 44 90 10 96 30 60 33 57 26 16 93 97 59 85 58 71
1 22 64 62 38 7 80 94 27 54 87 12 32 3 32 31 23 59 47 60 39 41 46 23 81 31 2 95 45 41 20 46 5 42 36 74 60 35 52 84 80 58 60 58 6 89 46 43 13 19 66 60 2 25 11 13 77 0 58 5 14 53 13 84 20 97 32 56 97 54 99 77 54 0 83 94 51 88 22 51 5 74 73 60 3 49 95 89 43 20 33 17 61 67 66 19 24 25 45 84
