125
20 2 98 74 15 96 42 88 13 63 88 57 38 62 35 6 90 40 31 74 47 86 21 59 58 43 20 51 24 69 57 34 20 100 17 72 80 53 86 77 84 4 71 83 33 15 3 25 84 90 71 22 77 32 71 96 94 87 40 60 76 58 36 30 63 60 66 55 18 93 7 47 89 30 86 73 27 48 60 16 83 32 71 29 38 70 69 51 28 27 30 42 38 12 87 8 60 0 94 97 58 53 51 38 58 100 52 92 2 37 74 32 55 26 32 61 3 18 76 21 40 15 40 61 80
24 50 2 48 59 0 1 21 5 69 78 40 70 71 67 64 37 23 14 37 26 34 14 65 33 88 0 40 94 70 17 92 98 98 78 1 33 42 42 85 100 80 61 53 44 40 70 46 39 37 0 36 8 50 45 61 40 87 11 23 27 48 81 33 36 25 13 51 53 94 79 12 11 29 84 62 23 46 27 23 3 86 45 52 43 99 22 20 100 88 48 85 26 56 95 14 66 72 17 59 25 94 78 20 84 35 34 54 23 77 62 56 13 34 42 35 56 82 39 11 41 83 4 45 7
10 12 46 11 47 50 70 18 48 39 2 79 4 5 52 36 74 96 74 47 92 23 45 31 26 32 53 46 1 41 75 89 100 21 50 3 48 9 32 3 67 53 9 48 87 63 47 44 70 99 25 89 35 30 13 75 74 73 38 58 23 84 72 34 32 50 86 58 96 38 50 35 45 15 95 7 18 35 5 79 53 97 80 66 56 0 33 20 45 53 75 61 83 91 93 34 17 100 12 87 34 87 95 81 65 25 40 89 69 45 33 89 96 71 16 95 14 35 6 69 47 8 9 21 67
87 4 89 84 98 82 21 53 51 18 77 90 12 91 5 34 58 7 59 85 26 4 32 48 50 70 55 34 54 85 53 78 7 53 55 4 0 60 90 55 29 74 91 34 62 31 94 52 86 52 7 28 94 2 65 63 27 75 71 41 12 27 85 64 24 59 17 99 86 13 32 22 2 3 67 66 21 26 35 38 13 62 67 11 5 55 23 71 71 25 94 62 9 75 65 3 46 90 79 33 10 13 32 95 63 54 74 29 17 92 75 74 33 66 29 78 66 8 6 43 66 47 0 88 90
81 27 56 86 40 62 78 33 81 28 50 8 23 33 74 66 13 97 7 39 36 93 8 95 7 73 12 64 88 34 48 30 62 93 38 35 69 7 77 64 88 30 29 54 48 42 86 97 42 66 63 9 24 72 74 93 68 95 95 86 46 36 14 74 1 41 46 19 16 91 92 36 43 63 60 56 8 61 87 73 61 46 15 77 95 90 46 80 52 58 93 27 56 72 28 85 78 16 13 93 18 21 76 68 26 83 14 54 4 27 56 8 98 97 42 8 97 93 57 36 69 60 13 81 49
10 77 69 90 100 46 53 13 79 33 32 32 25 31 16 51 59 58 24 42 93 86 91 89 31 1 55 12 17 61 64 50 17 93 1 43 2 5 40 33 70 46 30 6 70 71 98 17 21 59 38 4 63 22 16 97 21 86 94 56 94 35 95 7 34 25 48 66 5 73 26 70 68 6 67 51 49 96 70 38 56 79 19 17 70 48 39 78 66 77 83 13 89 70 90 18 1 27 22 82 63 8 99 82 22 46 28 97 32 55 95 69 40 80 96 40 98 63 25 58 20 57 10 22 96
89 96 2 22 7 57 65 50 71 80 62 64 51 41 16 99 69 64 45 72 43 50 80 97 97 98 61 94 1 62 20 47 67 2 75 37 96 52 19 22 44 85 17 87 75 27 91 2 19 27 49 90 39 94 87 86 16 31 24 2 21 32 99 54 9 28 52 4 72 13 51 17 22 69 16 50 79 4 86 23 30 32 73 18 94 15 71 68 60 71 47 34 14 88 80 58 72 50 14 64 71 43 3 94 93 65 27 43 93 43 5 57 64 40 14 99 62 95 68 11 17 63 41 40 75
56 11 78 92 71 27 30 2 61 46 67 35 52 100 9 28 40 10 44 96 70 54 26 89 16 29 63 42 8 33 79 0 65 63 43 26 16 0 75 32 76 14 49 36 20 61 49 2 13 5 39 30 33 80 68 59 32 76 53 81 70 60 26 31 10 31 100 99 99 83 40 76 69 37 27 88 62 51 99 12 21 54 32 80 56 61 74 92 76 93 83 72 48 25 69 35 46 74 25 7 73 32 43 2 46 64 12 40 13 27 65 67 28 37 70 34 99 49 62 3 0 73 75 88 85
67 60 32 8 30 34 77 75 19 69 16 53 87 19 26 87 37 96 87 2 79 14 75 22 20 8 68 59 3 13 39 14 10 78 10 81 35 51 60 37 95 87 76 22 5 66 28 27 22 71 73 58 63 45 97 32 18 96 100 31 6 60 9 37 42 11 95 42 59 41 39 37 55 22 24 25 50 93 56 3 47 3 23 87 57 36 86 51 24 93 46 50 37 20 51 20 50 89 7 3 56 47 55 6 51 9 84 90 72 21 63 10 16 30 76 29 58 76 38 37 27 16 5 76 91
72 44 76 57 59 43 44 20 10 27 93 16 17 31 56 10 86 41 25 41 51 79 20 16 88 20 44 72 66 51 29 60 57 43 77 2 36 9 98 67 77 78 85 5 37 37 91 2 12 87 46 17 73 75 77 45 5 35 12 92 22 92 6 26 68 5 64 39 89 78 83 4 87 83 69 9 35 6 2 49 31 77 98 52 37 1 73 31 27 14 42 88 21 69 89 1 53 31 88 6 80 17 35 87 43 19 36 75 69 29 75 27 67 10 9 76 81 83 74 86 65 69 67 10 40
13 20 79 76 96 33 36 53 47 7 95 17 43 38 90 65 4 40 25 48 85 11 81 36 95 88 13 55 43 35 98 34 45 44 56 67 36 44 3 42 58 49 89 39 87 38 92 76 89 76 85 50 63 95 98 63 61 30 38 55 76 1 84 40 17 90 8 29 8 22 56 57 14 89 55 97 100 14 1 24 56 3 87 36 13 12 0 92 79 42 92 49 44 55 54 72 40 65 55 12 26 98 49 74 10 95 59 30 44 59 53 94 78 45 91 26 33 58 10 87 16 45 89 41 91
32 53 89 22 35 80 32 99 5 60 92 78 90 87 55 6 47 48 49 88 29 8 9 15 65 83 22 81 56 29 11 34 86 23 65 33 20 86 86 31 42 45 35 91 77 38 4 63 100 27 84 62 85 29 94 54 17 87 1 1 39 23 59 48 50 7 51 2 71 88 86 2 88 39 86 97 41 8 16 47 51 38 32 40 82 71 76 15 83 74 46 50 92 80 23 67 82 90 30 6 1 41 63 76 26 23 36 44 76 87 31 0 72 63 79 56 30 95 3 18 49 27 54 76 29
55 77 79 64 90 88 96 26 91 48 75 55 47 83 88 48 43 66 31 62 29 37 70 7 81 8 14 3 65 88 0 68 90 91 19 26 13 5 4 84 84 45 57 56 83 43 46 17 79 59 49 82 19 95 43 55 38 52 88 20 56 84 35 37 50 86 83 75 40 80 5 87 78 94 13 78 53 70 95 48 90 92 58 40 27 47 7 97 98 38 82 13 85 40 80 65 53 20 91 4 34 57 84 19 68 38 4 67 86 29 42 27 74 20 42 45 6 49 14 34 84 77 31 32 8
55 39 90 37 71 87 44 15 54 52 100 87 80 75 11 59 17 45 92 44 49 99 35 19 81 43 17 41 88 26 13 47 16 19 97 47 38 98 41 8 31 3 34 0 39 31 28 96 63 25 21 89 12 59 97 17 85 11 15 95 60 65 6 56 23 21 12 68 13 24 64 18 47 87 51 19 56 96 54 54 55 14 12 25 35 10 36 49 41 62 6 15 61 25 71 44 1 11 59 53 83 51 81 81 89 2 28 38 100 83 100 95 30 23 88 81 20 56 44 46 39 49 74 10 57
34 45 49 39 88 65 15 92 8 95 80 69 44 39 61 72 95 87 44 15 78 80 65 94 95 28 84 77 16 68 31 32 26 95 64 21 75 66 82 33 84 70 69 59 66 88 17 87 70 66 0 79 54 76 82 30 41 50 91 94 18 52 69 51 44 11 39 100 82 40 42 6 34 35 25 18 36 6 50 63 4 77 9 89 86 60 95 89 8 43 20 98 43 25 38 100 67 30 74 18 87 34 56 41 46 58 53 73 87 33 56 31 13 30 67 74 13 19 69 6 45 33 34 17 29
61 59 95 53 77 98 21 29 20 95 1 0 100 32 33 32 67 84 21 29 8 67 7 87 57 41 47 87 22 64 38 69 35 3 22 75 38 58 62 85 3 88 57 71 95 8 13 37 22 97 100 20 80 31 41 96 4 36 76 75 61 29 80 70 88 88 39 1 54 86 11 51 11 92 57 52 50 32 83 84 64 13 15 4 79 98 45 19 85 50 96 49 34 1 33 2 82 24 45 81 69 63 96 2 22 65 5 57 65 66 26 30 6 29 49 31 85 96 38 88 29 31 54 100 14
22 0 96 74 81 89 1 80 19 85 14 87 81 83 53 57 7 49 78 13 4 45 4 77 86 56 42 59 47 45 42 24 45 90 51 92 58 56 65 7 73 95 96 52 31 22 28 0 17 19 54 65 45 40 40 43 95 84 49 42 17 48 17 64 36 91 29 60 16 53 80 47 19 100 30 53 82 4 8 25 28 59 3 90 30 63 43 60 84 76 87 12 66 81 75 7 68 91 92 33 40 94 44 18 60 29 5 34 92 9 81 82 76 10 65 16 89 100 43 29 80 81 18 81 7
11 89 72 46 78 58 45 84 69 65 100 64 1 62 61 2 53 59 76 49 92 40 74 40 16 39 24 73 47 55 8 24 93 25 38 92 88 94 20 49 35 94 62 48 66 57 18 41 74 69 25 9 64 30 11 76 51 46 73 42 59 38 28 50 39 62 69 86 84 28 93 93 32 94 88 94 19 73 67 23 88 32 24 47 62 46 69 19 60 17 36 73 31 40 20 64 10 80 3 10 34 79 95 0 99 59 69 15 33 47 50 89 4 2 21 38 100 17 48 58 24 31 35 25 26
71 85 14 89 96 92 91 40 17 42 74 45 84 1 16 25 56 77 50 77 89 17 22 69 85 94 4 83 21 74 94 63 29 53 74 90 82 69 87 45 38 46 1 49 35 45 20 97 89 79 13 20 88 81 22 22 89 55 8 57 4 80 66 38 38 31 61 33 48 23 33 96 90 24 96 98 76 88 88 71 72 80 40 68 2 84 77 20 76 32 28 31 8 64 55 38 80 87 35 47 59 50 40 76 70 83 54 1 13 52 79 15 30 59 57 5 48 0 87 53 41 66 57 50 93
29 19 57 79 65 51 91 35 45 54 63 98 7 80 26 19 2 89 31 100 66 98 2 100 0 68 4 83 5 83 41 53 86 26 4 72 15 26 0 95 36 3 34 89 44 94 51 55 4 83 98 45 30 55 23 54 89 92 78 16 31 6 97 76 20 100 16 81 76 24 33 31 16 84 80 94 9 100 17 79 11 63 31 96 75 59 77 18 38 49 24 7 28 41 11 13 45 63 82 89 38 95 18 35 90 57 28 95 32 17 16 31 18 76 24 54 14 27 26 21 38 37 93 65 94
33 1 14 77 63 7 68 98 36 58 1 31 29 9 88 8 15 71 53 74 43 2 0 25 76 18 93 48 43 48 95 82 93 21 31 36 83 18 64 97 40 48 97 3 41 24 25 7 96 76 65 52 59 21 94 13 19 12 41 41 85 51 15 41 61 52 52 93 24 52 89 26 67 83 81 4 98 90 97 25 74 41 61 64 48 58 72 79 6 35 6 14 48 35 30 98 78 1 69 55 6 15 68 67 23 98 82 73 80 8 66 86 85 43 18 30 83 11 8 69 23 22 52 64 74
3 73 81 29 66 23 67 41 21 64 93 53 7 6 41 42 48 65 51 81 29 88 96 55 94 19 58 74 27 42 9 19 60 100 19 67 50 40 38 93 75 20 80 52 76 82 28 57 87 30 35 81 85 10 82 94 54 26 11 4 83 79 32 15 69 65 42 76 94 67 4 72 22 48 27 80 24 7 21 61 11 95 15 86 100 22 26 96 73 90 20 94 75 36 70 35 12 64 50 47 57 10 56 63 77 49 72 27 76 11 94 7 99 94 79 93 44 24 93 37 56 49 19 25 24
77 87 21 24 7 80 21 3 35 9 41 37 28 96 23 14 37 37 26 4 72 1 71 30 32 48 57 92 6 24 28 88 13 90 84 64 18 96 19 27 11 5 9 50 85 85 87 44 48 49 55 24 98 22 5 31 61 18 88 70 48 57 81 56 76 59 90 100 89 62 87 99 38 43 92 31 60 76 24 12 44 73 89 20 25 92 18 97 23 31 17 82 54 3 10 90 51 50 1 96 5 26 1 17 65 0 60 32 5 24 33 16 13 76 90 56 11 1 20 93 86 82 18 74 9
84 80 19 13 0 23 70 89 39 33 31 55 16 42 27 85 10 68 20 54 92 49 52 18 62 99 5 31 27 81 90 26 61 44 24 100 89 72 8 77 68 4 16 69 84 38 40 56 45 12 58 18 50 41 39 31 2 88 10 28 95 49 42 10 67 41 52 17 67 50 76 45 95 19 63 30 63 27 5 16 89 97 66 17 71 58 77 100 62 22 81 8 51 60 5 84 84 83 90 79 60 1 90 8 14 32 60 61 77 74 83 56 54 77 88 67 42 86 47 69 48 7 82 19 63
51 97 7 78 34 11 71 13 8 37 72 74 99 72 6 83 81 96 97 45 93 23 98 73 40 93 52 92 51 39 92 43 94 96 35 28 97 83 81 29 94 63 71 15 14 82 33 79 41 69 10 53 43 96 85 17 31 66 98 60 36 53 55 7 48 0 78 57 100 33 42 18 1 55 78 98 82 0 84 87 57 6 67 66 46 93 70 4 33 7 83 95 21 38 44 5 52 63 32 63 72 30 35 30 48 55 30 24 15 49 25 63 53 94 45 56 59 42 82 100 55 82 84 15 99
36 21 56 4 24 8 0 63 80 7 31 17 54 81 33 55 92 37 14 6 16 71 38 8 50 20 1 81 59 10 93 99 94 59 0 35 13 11 83 21 43 63 10 61 8 62 20 46 62 26 7 75 71 37 18 35 28 86 19 15 76 35 60 20 40 48 68 17 57 43 20 28 59 51 0 62 68 4 91 6 31 32 18 18 40 30 50 23 96 63 86 58 59 46 99 86 78 2 24 90 65 55 98 77 78 49 6 86 47 70 68 79 18 72 89 19 90 64 59 22 30 17 0 64 36
4 49 52 6 90 64 21 96 90 55 44 85 4 9 96 72 10 67 22 47 72 62 79 31 14 71 91 51 87 93 16 5 22 79 49 26 51 99 47 21 43 11 22 28 94 99 14 59 39 3 46 54 76 23 34 72 37 25 80 43 53 93 38 96 33 84 50 67 34 28 2 52 54 5 30 77 25 46 14 27 59 72 93 60 23 67 12 87 61 21 57 9 31 91 37 97 46 49 25 56 23 28 56 54 45 45 95 74 37 84 38 95 55 46 7 55 33 89 36 54 71 67 94 52 21
86 96 65 52 15 99 16 9 78 83 34 80 14 63 32 18 25 82 53 17 35 21 28 14 79 94 82 26 36 98 63 13 69 23 88 76 98 77 22 73 13 30 91 20 38 28 0 29 66 35 29 84 51 41 86 100 12 48 14 43 75 87 45 14 70 75 66 6 33 100 95 24 42 78 52 39 61 63 70 54 8 26 4 63 37 85 32 0 22 7 98 99 51 52 100 29 57 6 63 82 16 17 65 51 59 85 34 11 24 10 86 98 33 37 67 92 85 52 15 4 16 78 26 15 69
46 13 66 31 47 75 76 80 83 34 42 29 53 34 100 46 17 28 83 81 64 5 42 49 37 12 56 77 15 72 60 69 48 80 84 51 99 31 33 53 70 98 81 79 48 28 43 54 73 86 8 12 99 36 63 28 24 49 11 5 95 68 71 100 53 40 31 100 61 71 73 78 66 53 39 26 58 73 57 58 98 24 26 50 35 76 70 85 12 58 34 24 40 84 55 32 27 80 20 50 65 40 47 87 28 64 98 74 61 43 65 72 9 71 59 85 74 14 73 56 75 49 52 76 10
69 44 71 26 96 88 58 50 78 100 46 38 3 85 30 55 9 71 31 48 84 66 22 46 4 96 43 66 84 76 69 77 2 45 64 35 70 0 93 33 13 60 46 14 51 69 49 18 7 34 10 5 31 75 37 39 49 26 30 0 6 70 9 56 18 92 11 100 41 78 72 87 45 89 17 86 74 28 96 32 92 24 47 38 49 98 16 79 60 48 30 63 57 80 73 30 71 39 10 72 67 54 77 51 5 80 76 46 85 59 7 75 39 99 1 8 67 83 8 74 58 55 22 93 56
15 25 78 59 86 67 36 33 7 3 55 50 37 19 36 18 90 85 88 94 7 99 51 14 83 55 33 37 62 9 3 64 26 58 100 68 26 32 36 51 3 25 44 50 69 35 87 36 69 30 84 42 68 48 76 44 29 33 45 96 23 31 97 6 76 68 36 1 90 44 43 11 24 55 87 85 48 48 13 51 95 80 35 83 36 74 74 14 40 78 50 99 51 40 54 23 38 71 33 51 58 59 29 53 99 2 84 6 43 76 22 71 70 75 72 36 90 84 94 70 17 44 47 17 12
11 0 39 76 78 100 15 67 22 35 100 38 87 70 37 20 89 59 16 54 13 0 75 71 21 9 16 70 85 8 100 83 59 6 35 62 4 47 93 30 72 89 34 44 78 5 19 80 49 46 0 85 42 23 80 12 85 67 1 23 68 39 42 62 17 63 49 91 100 97 8 36 19 11 48 66 20 66 74 72 92 1 84 91 53 35 84 13 62 80 63 25 32 93 13 49 14 6 64 54 3 89 46 66 1 29 80 9 52 80 95 41 58 50 36 74 64 40 36 28 85 54 52 14 52
68 22 72 73 85 61 93 55 66 0 89 68 43 72 56 63 64 78 60 92 36 6 100 9 4 74 62 50 67 11 45 34 43 9 36 58 11 90 32 22 100 94 27 69 27 1 59 80 48 18 46 60 48 2 32 84 22 47 2 20 20 19 3 68 41 97 79 81 27 94 20 18 78 42 7 16 84 9 44 80 76 29 59 4 88 90 84 91 67 18 16 24 83 58 44 82 83 44 56 63 55 61 18 74 48 23 81 59 49 81 66 13 60 9 28 51 11 100 51 54 14 32 22 44 6
8 61 43 45 9 60 20 93 82 60 18 60 96 80 53 18 38 2 46 39 29 0 91 17 65 65 100 84 43 74 8 61 65 65 66 68 71 97 62 74 22 52 68 47 6 90 72 3 6 55 84 97 77 20 23 84 83 97 31 25 81 23 100 49 67 71 95 63 41 11 30 20 48 41 36 58 22 5 26 43 80 67 100 93 21 21 74 13 29 13 71 43 7 90 16 70 26 3 70 90 52 87 88 55 30 71 3 69 9 50 53 30 60 55 39 90 89 63 83 65 80 73 56 61 3
70 21 93 60 9 33 67 15 18 39 2 59 0 7 51 88 87 9 34 91 58 13 38 26 31 56 29 24 86 34 58 44 10 91 28 55 71 50 68 14 100 92 62 99 10 2 12 87 29 38 11 66 29 55 11 15 66 26 17 86 26 68 79 87 17 74 21 29 6 98 100 48 12 66 15 38 76 4 100 44 43 19 9 59 58 31 95 97 55 22 80 57 83 36 23 30 59 3 13 6 49 23 83 52 68 41 54 71 48 92 73 16 18 15 85 78 41 60 17 2 44 41 6 14 77
91 76 36 94 20 14 80 22 88 40 9 15 96 12 68 74 11 76 59 53 65 99 64 95 60 7 31 48 3 54 19 26 91 25 60 47 91 78 20 20 28 24 26 82 35 83 43 30 9 13 91 18 39 78 26 31 72 66 0 64 78 44 51 10 89 21 58 64 58 75 4 47 35 0 52 27 19 90 100 29 91 92 84 85 5 84 64 74 92 9 5 14 98 58 92 19 85 77 62 14 90 66 47 40 82 77 24 78 76 54 62 92 41 98 53 7 61 7 19 24 82 95 61 24 6
70 37 0 83 15 33 58 46 70 55 71 46 20 10 86 58 85 78 47 54 27 38 90 11 83 88 22 58 72 92 35 13 82 32 54 74 85 63 93 55 96 95 22 53 2 90 60 7 3 62 7 14 66 36 29 94 13 9 66 99 72 17 81 57 85 21 40 85 71 61 94 49 31 80 14 36 57 28 25 5 58 53 35 81 71 22 60 26 45 30 89 32 23 25 92 55 73 91 59 14 58 26 30 49 62 16 21 14 93 99 70 24 43 43 63 61 58 65 50 50 81 30 68 4 63
56 56 18 80 22 61 86 83 60 17 6 8 51 35 40 16 83 16 77 80 7 26 72 52 92 69 21 3 99 7 92 0 34 87 93 0 7 7 28 53 15 88 47 35 59 24 13 43 61 42 46 95 58 66 73 16 97 70 36 48 15 24 90 12 80 26 13 24 40 47 15 24 21 41 24 91 21 42 73 1 49 50 74 79 30 24 42 43 64 34 95 70 83 51 78 76 67 86 19 32 64 48 100 51 38 37 44 32 14 22 27 5 10 33 85 75 29 69 9 13 80 56 24 35 100
48 27 86 80 8 57 16 80 42 35 16 1 100 98 42 5 58 39 25 93 51 61 52 59 99 20 24 14 58 77 26 41 28 35 2 29 63 95 64 76 99 81 11 57 55 64 43 20 93 97 35 28 48 1 80 32 42 74 50 33 10 10 41 63 32 24 10 60 74 47 83 54 59 60 12 14 83 23 81 31 86 8 72 83 56 31 15 17 33 25 26 20 11 57 18 89 68 20 73 8 60 67 78 12 85 62 82 99 86 58 63 52 26 1 15 15 26 57 39 54 55 9 14 69 54
87 44 40 33 49 3 1 39 57 90 28 16 6 36 72 44 8 26 11 43 17 79 13 77 13 90 26 84 62 58 52 39 21 65 100 29 97 30 36 2 86 9 94 88 23 68 5 77 57 75 63 48 35 53 3 77 25 23 32 82 44 11 44 58 89 15 83 73 84 64 48 75 37 92 77 53 95 89 6 12 0 86 42 46 39 26 57 62 67 11 67 15 18 14 55 98 47 67 19 89 92 84 8 21 54 20 61 99 79 59 40 94 71 71 17 26 11 68 40 74 17 13 68 53 79
83 70 49 68 52 56 8 75 74 41 89 24 6 74 4 48 42 12 49 82 93 71 3 19 19 26 36 71 96 5 3 91 100 85 98 34 41 81 68 100 67 77 17 95 23 38 98 16 25 30 62 57 25 88 60 58 58 76 1 3 64 67 3 87 42 74 78 37 34 7 1 15 33 87 58 19 93 59 91 29 17 34 6 75 22 79 91 66 64 13 25 15 19 19 17 30 94 77 62 68 40 75 99 60 14 66 30 60 75 53 76 78 28 17 67 11 19 58 27 20 54 97 95 69 66
29 60 32 7 88 40 53 29 84 34 23 88 72 74 40 19 40 39 64 44 46 91 28 15 41 4 9 28 80 45 18 91 13 80 84 92 64 53 18 19 92 13 59 1 85 83 76 71 44 88 52 82 92 57 60 50 23 97 99 49 96 11 10 48 27 63 95 55 57 91 61 34 31 45 18 80 37 84 18 98 74 90 18 81 38 97 67 57 14 28 37 81 90 4 3 82 18 100 80 75 93 61 23 6 29 98 1 77 12 73 91 79 5 30 24 91 52 85 58 92 24 33 40 16 100
41 50 64 57 91 34 100 17 73 53 59 37 89 19 72 19 54 1 68 44 80 99 41 78 23 84 39 68 11 20 51 75 75 3 25 94 33 93 17 36 90 9 46 42 31 93 82 14 45 31 38 14 20 23 74 71 49 50 85 88 4 66 20 2 73 76 97 42 6 12 97 83 96 65 83 71 69 3 64 96 18 66 37 29 46 89 47 90 6 2 47 24 92 68 61 8 7 35 41 64 53 77 61 59 62 58 87 37 57 90 73 36 59 78 27 19 49 40 57 8 71 7 12 90 48
79 24 56 19 2 18 42 69 16 80 78 68 50 34 13 74 89 29 13 11 61 95 58 45 52 38 52 75 19 30 91 43 0 68 51 65 87 88 84 9 57 49 8 33 52 99 64 70 86 36 50 56 51 69 20 89 92 14 88 75 4 1 41 92 41 34 7 14 26 98 62 79 8 98 66 6 83 97 85 55 94 99 64 53 36 28 48 22 33 65 69 27 31 58 38 95 45 57 52 88 89 21 87 6 31 28 43 17 89 21 75 86 43 63 37 72 9 99 32 17 51 81 43 48 13
87 35 19 30 82 94 39 90 22 44 40 7 7 18 62 7 9 59 28 96 51 48 49 96 64 13 9 59 0 77 78 81 28 59 66 92 77 76 8 24 21 54 63 4 74 2 80 49 92 28 46 81 27 75 91 0 43 29 14 56 100 93 11 28 82 64 49 78 43 81 17 50 29 27 22 17 5 37 49 78 34 58 56 62 46 6 5 52 1 15 99 56 5 32 10 14 92 74 13 61 34 46 92 60 76 43 61 9 69 20 14 4 25 28 42 6 13 68 10 83 60 92 93 58 46
16 12 28 49 47 52 3 82 4 17 13 67 62 17 40 80 56 10 21 98 16 88 1 74 84 33 17 30 47 26 73 18 58 38 98 90 53 21 25 86 10 6 78 80 49 0 71 75 72 10 63 69 37 72 55 92 18 99 24 98 61 100 0 58 11 75 11 85 6 60 84 39 15 77 2 54 38 51 79 51 63 64 90 70 78 45 79 24 88 48 28 37 12 50 98 55 58 93 0 4 58 51 51 92 48 28 36 98 44 74 12 70 83 43 23 35 63 98 9 65 82 72 94 9 6
90 64 82 21 67 99 46 80 59 77 100 88 59 22 97 80 18 66 38 74 96 86 88 90 47 35 14 51 0 33 7 29 15 72 44 10 38 89 62 93 6 40 12 12 51 22 88 19 43 59 65 99 4 97 84 37 92 55 90 70 72 62 64 44 48 36 89 3 99 77 54 10 89 7 94 24 16 61 95 86 57 89 23 70 96 64 32 26 46 93 25 20 68 79 35 82 25 55 3 15 98 94 87 89 3 21 100 100 24 50 40 52 22 56 54 72 41 95 20 27 55 37 100 81 75
10 91 72 47 53 87 75 42 38 96 27 49 69 9 56 99 97 93 63 42 52 96 6 67 15 17 35 57 48 24 79 74 39 92 82 21 83 33 91 11 46 23 99 59 76 2 18 24 30 47 38 18 70 44 54 32 75 15 91 85 39 76 25 52 55 50 85 86 38 78 9 6 94 12 20 34 8 51 88 7 9 71 81 88 60 25 23 64 72 0 62 95 20 11 23 78 42 67 0 63 21 93 69 89 60 22 61 92 27 65 98 30 46 55 62 67 98 90 57 39 94 81 6 73 7
15 76 64 87 27 54 0 28 70 4 1 48 40 59 73 78 97 92 62 69 22 77 1 7 15 100 10 35 6 26 50 1 18 98 47 73 68 85 49 77 35 50 63 94 31 37 54 90 16 17 17 13 52 1 33 15 58 23 34 13 5 44 89 95 95 25 19 69 46 0 8 57 52 11 86 26 38 49 69 63 54 50 36 70 9 58 18 35 78 2 24 5 21 68 28 76 65 30 76 48 8 39 28 4 85 34 94 81 32 59 75 73 57 54 9 39 78 96 70 52 6 76 3 25 28
66 84 91 37 70 73 26 16 51 17 40 38 76 47 18 16 7 52 39 79 49 31 1 19 67 99 18 3 59 84 29 35 9 88 72 95 73 60 51 36 22 20 69 67 26 1 16 48 88 81 34 28 71 97 60 99 29 56 69 5 92 66 10 74 24 74 91 50 84 4 60 50 79 96 94 77 45 79 35 98 80 56 62 6 51 77 27 18 71 30 17 28 45 37 96 62 5 59 53 40 16 92 39 64 92 47 1 80 14 16 87 21 53 11 73 74 80 5 6 65 46 78 9 86 26
38 80 65 23 50 6 70 37 92 54 27 15 39 67 41 36 40 33 80 13 48 78 94 82 16 29 57 26 37 42 96 72 24 16 90 96 40 31 99 45 66 60 0 4 14 13 24 15 71 69 85 70 10 89 24 25 87 38 69 72 94 34 30 24 58 15 41 46 94 42 35 48 12 99 53 14 78 29 84 24 88 63 87 39 1 39 59 81 2 77 25 50 78 87 74 91 51 98 41 30 89 61 22 74 35 91 40 74 90 85 25 74 63 71 89 51 32 86 51 53 67 8 97 0 24
54 87 79 59 56 86 45 64 99 23 59 8 12 95 67 14 87 6 9 70 31 35 26 12 93 7 95 10 10 82 28 7 85 100 76 88 100 73 68 58 74 72 100 31 83 7 2 10 88 16 52 73 48 48 80 15 51 89 92 84 68 50 99 9 46 84 76 33 52 62 29 27 99 72 19 54 69 78 4 45 33 55 76 26 89 7 9 45 90 90 93 65 85 51 65 62 53 54 30 12 95 90 31 38 53 92 66 72 61 87 63 13 47 98 27 27 71 21 41 62 2 52 18 33 20
59 11 68 16 3 28 62 77 79 21 72 69 40 19 53 76 57 28 32 71 18 3 64 6 54 99 95 79 39 96 72 84 46 20 88 13 82 76 33 70 21 62 31 17 21 13 9 48 17 75 93 35 23 60 67 20 0 82 27 90 21 6 90 35 89 41 89 64 21 31 94 36 42 59 23 18 45 79 65 69 58 42 46 56 100 15 14 80 57 55 57 98 13 13 83 14 28 98 58 18 6 13 10 53 16 92 100 66 99 5 48 28 42 66 91 99 73 27 12 60 1 90 56 88 62
49 33 23 35 44 37 73 99 54 94 35 19 52 49 71 69 43 58 54 40 34 90 88 90 39 3 99 32 60 61 53 15 31 34 9 22 64 2 18 39 36 70 38 25 38 53 49 49 33 63 59 10 45 27 26 7 0 71 44 35 20 11 83 22 76 99 64 42 83 100 40 65 46 4 100 53 59 82 50 16 42 90 3 49 38 24 13 72 43 24 90 77 26 17 43 62 92 66 49 74 28 82 69 44 66 39 100 44 36 28 34 84 5 66 86 52 3 71 26 33 40 47 28 61 45
94 6 3 91 4 98 65 30 36 43 42 48 75 9 54 24 64 66 76 42 21 7 92 5 23 84 39 47 9 93 28 0 17 36 77 67 32 66 84 69 24 35 93 39 71 30 28 86 99 0 83 17 90 78 95 76 50 43 2 67 61 66 13 99 70 82 99 23 60 58 29 39 100 3 89 8 95 33 76 57 57 87 89 40 32 46 83 16 47 39 35 40 26 23 29 12 71 31 13 94 56 2 46 76 82 23 89 27 84 94 32 94 83 2 40 44 65 15 37 4 29 100 8 36 30
39 71 74 56 78 27 36 89 84 50 90 2 49 91 79 95 5 15 12 7 50 18 57 40 50 96 0 10 71 95 1 20 42 78 100 51 99 41 57 38 42 94 56 96 38 43 12 74 69 47 56 13 6 7 89 25 8 68 53 32 76 93 89 93 96 33 79 40 13 68 76 61 10 79 64 63 37 21 87 89 3 24 39 80 92 34 14 47 64 43 6 94 12 10 62 12 65 53 52 16 88 60 38 36 37 8 28 79 91 5 33 0 32 19 8 76 25 67 9 83 87 23 84 3 34
96 34 92 57 31 38 93 61 62 64 29 69 3 26 74 97 91 18 7 78 3 95 12 55 43 22 1 48 4 96 12 94 97 5 49 24 71 42 91 55 4 66 96 53 83 58 66 94 64 30 89 61 71 40 40 57 86 57 56 83 87 64 82 96 66 19 58 42 66 76 26 53 80 25 7 89 29 53 72 96 32 21 83 24 27 53 56 55 17 96 7 43 97 67 18 8 92 20 100 84 93 48 52 79 80 88 47 57 60 50 100 9 60 38 11 58 66 21 0 21 64 7 44 98 85
84 34 81 9 100 32 96 81 31 32 7 87 72 20 66 14 22 17 72 40 88 13 52 29 32 70 47 57 93 69 35 61 33 32 71 91 12 79 85 95 81 64 94 53 48 99 51 89 34 1 83 54 88 99 8 86 69 62 67 98 86 33 44 5 64 61 6 33 54 21 41 8 90 37 7 37 35 74 31 32 59 4 62 46 57 100 38 5 70 2 15 31 29 12 35 10 70 69 16 41 73 20 14 77 62 41 15 32 39 34 67 96 93 9 63 75 87 30 42 41 24 61 33 67 99
47 24 46 24 27 83 46 95 58 62 38 2 33 95 80 76 26 96 44 91 35 40 85 84 70 61 90 46 100 2 53 10 56 61 98 9 53 26 50 6 88 90 90 25 73 30 24 45 24 66 27 78 31 50 90 69 15 87 5 22 4 83 61 55 1 40 29 94 20 66 87 87 58 37 51 76 69 38 82 3 77 3 39 5 87 5 52 41 57 46 61 7 90 33 97 96 62 96 7 47 36 10 52 89 32 71 7 91 2 15 34 96 8 98 65 70 19 95 27 64 67 0 23 86 56
73 40 40 32 4 51 82 78 6 35 30 0 51 86 76 83 16 16 39 84 36 12 19 0 84 68 56 32 29 95 96 37 10 4 12 59 81 84 82 53 0 76 66 44 56 26 85 83 90 20 84 46 75 10 66 35 74 40 50 75 80 37 69 96 69 56 8 70 88 79 82 88 39 93 1 16 33 91 10 82 44 51 25 78 82 46 90 8 26 58 73 25 56 75 56 82 44 24 8 32 73 4 14 55 58 23 88 37 29 83 93 57 74 82 75 31 39 63 23 100 15 15 69 61 47
91 78 83 20 23 29 45 95 48 57 54 14 47 12 1 83 79 67 75 2 88 68 9 13 24 52 79 98 10 47 90 63 61 2 70 35 17 13 98 60 54 7 30 39 27 39 61 99 52 91 61 86 5 47 45 94 30 19 51 55 66 17 41 82 8 6 49 2 80 95 69 80 49 58 7 36 2 66 55 17 73 67 46 34 56 45 67 100 33 93 49 87 67 63 50 57 95 6 58 96 95 12 89 72 69 84 24 3 24 91 84 49 63 25 76 86 20 85 81 54 67 25 4 94 19
21 51 8 57 86 18 34 95 14 76 34 68 57 49 68 13 14 30 42 4 27 45 61 40 91 88 22 0 77 2 94 72 2 48 91 54 34 35 24 34 4 73 14 87 33 36 60 52 61 43 78 61 60 73 33 76 10 94 4 75 20 62 76 78 47 23 56 93 97 11 36 85 73 30 79 71 30 13 17 60 9 42 15 37 43 24 84 47 91 84 71 91 18 28 66 72 84 10 20 55 62 21 46 89 79 84 97 5 50 19 87 96 84 51 10 20 40 2 89 92 24 14 72 86 11
80 48 46 25 80 50 32 66 25 73 21 5 20 12 67 85 94 14 33 95 30 9 33 50 55 78 58 12 6 5 51 33 3 57 12 92 78 59 65 91 80 96 69 37 4 56 47 14 60 17 89 97 54 81 59 84 18 36 26 30 80 83 87 25 60 97 10 6 54 32 71 24 83 51 74 21 45 61 44 84 91 26 28 62 65 54 44 36 96 18 0 14 27 94 42 49 25 24 73 31 33 67 62 74 75 67 45 59 45 36 73 76 56 82 54 63 15 41 26 28 48 36 23 9 49
49 42 63 52 15 91 59 46 26 8 9 85 7 42 31 98 39 25 62 38 91 92 46 14 8 36 90 54 54 86 14 66 18 46 8 73 65 19 5 69 79 84 95 61 40 10 34 60 97 27 59 0 75 44 51 35 8 23 14 87 68 28 32 70 96 86 21 28 64 11 67 47 84 93 69 94 9 16 65 95 9 63 4 79 92 58 92 76 9 98 69 87 24 46 32 31 82 79 82 98 23 8 93 49 3 79 58 81 99 11 75 28 67 94 45 99 14 48 64 25 99 59 3 96 35
77 12 48 27 64 79 81 77 70 90 94 6 22 81 49 26 94 45 84 81 31 36 95 35 74 53 93 74 91 69 67 53 40 51 54 72 95 82 71 88 83 86 15 64 70 66 70 32 8 73 48 12 73 24 2 78 34 41 94 63 29 31 47 0 57 84 97 99 66 39 30 63 89 72 1 93 16 68 3 6 78 24 2 31 37 34 76 30 76 46 84 78 9 80 43 92 84 73 36 62 59 91 7 33 77 5 69 4 71 2 74 90 30 2 38 87 17 32 22 71 89 87 30 31 2
19 60 5 32 57 2 51 52 97 15 18 51 81 54 83 59 72 41 88 23 74 7 78 57 89 43 21 45 31 73 37 86 3 57 24 48 68 74 98 66 18 75 55 0 53 66 98 46 42 14 20 34 77 83 10 65 46 45 62 74 62 74 56 14 59 77 19 3 67 82 97 68 69 54 37 7 65 67 87 51 37 2 31 36 6 11 26 60 66 40 79 10 20 80 93 79 38 43 27 39 31 9 10 33 95 88 72 45 73 44 94 18 12 53 95 56 53 91 79 52 62 99 46 80 60
90 43 27 22 38 91 62 48 66 84 38 87 46 53 7 14 73 23 68 89 59 50 64 95 49 44 48 44 39 44 6 94 72 21 51 98 58 28 25 90 91 16 60 51 2 32 17 9 29 68 50 28 36 52 88 12 93 84 85 29 67 7 88 19 65 88 9 56 22 92 73 8 26 47 76 30 69 38 19 95 9 76 8 64 61 19 7 66 92 31 75 8 77 100 10 47 87 64 72 24 79 16 42 99 52 33 98 76 94 97 61 20 52 14 70 32 83 52 61 25 69 39 98 55 93
11 88 99 76 77 24 50 97 89 9 71 93 87 100 55 59 75 29 57 9 7 99 39 96 91 79 48 45 69 22 61 86 53 29 22 50 98 16 77 47 23 100 53 77 98 47 52 14 41 35 29 48 50 50 17 22 63 54 60 60 54 56 71 90 2 2 66 25 78 64 72 50 35 51 23 65 90 44 72 78 41 99 41 100 15 99 3 49 11 16 73 78 1 4 87 87 93 91 69 8 58 67 98 20 53 14 6 83 77 66 52 90 98 58 60 36 27 36 80 86 62 71 50 19 99
21 54 22 23 7 22 80 46 59 68 48 89 59 5 82 48 98 1 39 67 5 31 93 22 33 79 29 78 9 7 64 52 22 18 9 64 26 33 93 94 92 35 2 42 63 7 93 86 2 63 4 58 91 72 89 81 27 97 48 90 51 56 5 10 43 35 35 18 90 88 32 37 16 93 97 8 53 64 69 78 3 72 74 88 4 66 45 10 15 91 3 89 72 40 54 8 38 85 88 17 67 72 24 84 93 29 26 15 60 61 99 97 86 26 21 23 71 35 77 18 75 77 89 28 24
2 43 14 36 77 64 89 54 64 18 77 39 78 15 40 24 32 14 99 12 71 60 32 47 79 54 67 2 37 25 100 88 56 94 55 60 41 18 0 70 62 74 44 65 13 21 97 53 71 61 63 20 39 5 83 82 21 76 67 0 9 14 26 54 77 59 36 87 46 16 62 74 36 1 82 32 54 8 60 31 33 89 92 89 35 74 75 32 73 68 54 25 8 48 29 70 9 3 29 94 66 21 85 44 87 22 45 77 15 28 2 22 8 80 22 20 72 18 83 94 3 20 39 21 72
28 91 52 36 87 69 84 32 28 84 86 74 98 72 2 18 46 15 44 72 95 34 28 79 47 12 37 89 29 37 76 43 79 67 75 11 99 62 39 48 17 61 90 23 72 98 96 96 67 71 69 59 62 46 28 55 51 30 68 31 90 16 15 51 47 88 74 60 65 44 42 4 50 69 85 68 35 98 7 40 33 82 6 57 21 7 35 74 42 62 97 89 68 52 47 21 60 87 18 90 48 40 33 79 76 37 29 66 34 57 22 26 82 50 91 40 47 71 14 74 83 90 18 32 92
74 34 82 30 36 97 20 26 29 68 69 7 83 52 59 66 11 21 45 78 91 88 82 10 0 29 4 11 95 12 42 42 0 50 63 71 94 87 74 80 59 45 44 69 15 51 84 6 23 37 95 38 17 87 71 78 37 78 83 52 58 100 89 31 74 85 45 10 74 81 51 63 31 79 51 35 85 38 55 98 100 0 11 69 52 82 48 39 41 38 38 35 69 8 84 24 20 32 37 92 5 3 57 72 5 14 28 22 83 67 46 29 94 25 29 72 46 29 50 63 39 100 80 51 92
56 85 100 15 13 45 89 19 96 54 96 41 45 87 55 29 83 87 10 84 48 50 12 72 44 67 35 76 62 95 69 13 39 91 67 4 69 89 58 26 32 3 42 91 92 83 93 26 86 59 29 10 50 88 0 31 10 74 37 81 70 40 64 83 69 34 36 58 1 48 81 17 2 26 60 44 91 34 20 74 51 19 69 96 61 26 23 64 14 62 26 8 87 20 8 67 97 30 62 23 89 5 6 15 56 72 22 11 73 30 41 67 64 24 21 24 99 20 64 75 27 73 58 66 9
20 67 43 51 68 19 30 87 25 74 71 48 62 62 99 66 3 79 43 68 93 25 65 28 71 54 63 74 72 63 86 56 41 50 98 83 57 53 44 40 89 100 63 94 82 52 32 14 14 80 40 27 48 40 16 88 1 35 50 9 38 35 22 89 26 55 4 38 17 78 13 87 41 12 48 83 98 31 33 17 21 84 29 6 12 13 88 10 2 32 59 2 83 97 53 30 52 55 70 75 24 8 74 22 11 97 21 81 100 85 36 32 68 2 7 63 9 60 83 31 45 59 53 6 60
50 64 79 64 94 7 60 45 77 71 98 57 92 56 31 12 15 98 1 31 14 22 56 88 17 61 54 7 70 77 13 21 85 88 81 61 73 24 48 87 93 76 98 91 83 3 16 47 31 74 26 58 5 20 43 97 7 14 22 22 37 83 3 61 66 56 50 83 78 93 59 80 50 95 99 84 28 75 84 81 69 51 68 94 72 10 9 25 12 73 37 80 98 76 20 9 13 37 6 96 78 90 15 17 31 95 48 97 95 8 42 38 78 82 22 3 1 12 67 4 63 35 88 89 90
72 64 46 8 82 53 83 58 4 59 17 8 72 71 35 18 0 26 40 95 60 22 36 22 17 88 29 9 5 9 15 27 2 39 96 59 82 43 21 0 24 33 78 53 35 65 45 16 56 36 14 51 38 17 16 30 14 99 21 37 54 5 100 39 96 1 55 52 83 20 18 33 23 13 43 68 4 95 70 0 94 61 92 90 68 36 85 74 99 0 31 39 71 17 19 89 25 77 44 61 30 38 70 96 44 12 10 14 15 5 6 63 88 22 78 0 75 20 66 68 15 58 42 78 96
80 55 23 61 61 37 17 95 47 65 14 70 3 38 55 80 73 75 30 51 96 34 15 99 93 96 33 23 43 63 90 70 49 91 71 71 83 66 2 78 65 44 73 2 62 21 46 44 95 25 50 78 24 29 100 76 42 7 24 42 3 50 81 3 3 80 80 5 99 14 30 32 14 96 0 47 58 56 65 46 43 9 66 27 95 73 74 97 1 71 31 35 18 27 57 43 12 5 13 26 85 4 34 10 69 86 63 84 63 16 40 94 10 34 29 60 34 66 24 53 6 87 100 65 66
58 44 93 4 81 36 52 48 54 58 14 12 53 31 78 74 39 6 79 58 20 8 23 80 97 58 5 47 90 59 2 26 80 21 100 11 92 38 24 76 79 4 13 22 64 69 46 71 69 88 67 41 70 0 49 99 61 43 1 22 8 87 11 93 62 89 78 73 88 8 86 40 65 92 19 71 91 60 1 31 44 48 61 8 12 92 0 88 58 58 26 51 81 3 33 35 47 82 51 89 70 21 26 55 52 28 90 10 24 100 1 83 62 51 38 62 85 51 4 89 88 28 49 42 94
12 21 90 93 63 91 18 13 67 78 92 11 28 38 85 71 16 65 75 91 30 87 78 35 10 28 92 100 51 93 22 41 14 21 21 36 72 3 66 90 81 54 39 86 57 79 60 56 76 46 54 6 65 16 32 44 27 100 75 59 19 89 21 72 99 10 3 22 16 87 61 77 70 49 43 99 76 71 30 2 9 53 81 89 24 96 44 20 70 99 65 93 17 29 14 44 97 100 80 23 16 53 89 52 19 67 1 51 66 1 95 0 42 22 78 25 32 52 13 95 30 70 4 33 69
80 78 36 39 69 45 29 54 29 52 82 15 16 64 50 96 23 96 60 39 77 42 7 9 37 0 90 42 88 66 25 28 90 56 41 50 15 76 67 37 31 72 74 64 71 19 97 23 59 45 34 17 44 80 31 26 77 14 57 58 78 13 3 5 59 35 35 99 94 83 49 73 14 43 31 44 36 63 39 80 83 25 31 39 16 50 82 65 60 55 48 55 22 17 99 64 28 46 53 22 55 69 30 74 99 67 76 50 28 8 65 56 47 86 61 52 90 85 83 69 59 38 28 68 81
95 34 43 87 13 59 33 100 51 53 85 2 33 81 57 1 28 20 58 61 94 84 95 77 90 64 60 76 16 51 37 35 28 3 69 84 25 29 95 14 52 49 77 34 95 30 5 32 24 93 98 18 64 32 55 36 19 14 89 30 56 39 71 69 5 28 69 20 77 35 15 32 30 48 27 2 70 57 36 74 50 67 73 91 71 62 45 65 90 58 36 32 64 38 4 46 19 51 56 5 95 57 57 89 63 58 3 13 92 11 3 51 43 26 95 24 30 0 96 34 13 49 42 99 13
77 81 41 77 51 9 23 78 80 99 21 97 72 52 1 32 9 100 31 57 51 72 12 56 47 14 83 69 98 16 26 8 91 95 8 19 36 78 17 100 11 40 84 88 46 62 28 70 32 19 25 5 71 16 98 61 26 83 21 62 3 42 69 19 54 55 4 46 7 26 59 80 23 11 44 44 92 81 64 34 55 30 16 35 0 36 81 67 24 45 41 70 62 39 45 20 66 10 59 56 91 57 93 58 68 46 47 83 56 42 76 17 72 88 78 83 82 34 90 29 34 24 68 51 86
98 13 75 41 32 89 59 47 75 23 78 24 20 20 51 87 20 81 97 55 33 41 84 90 31 23 23 94 92 53 61 1 59 38 73 35 45 37 61 47 37 6 95 34 38 78 99 28 13 54 80 39 74 39 78 68 28 87 5 5 17 38 62 8 5 16 28 74 82 99 51 40 20 65 98 50 33 98 83 85 84 14 23 21 19 35 2 52 60 24 91 76 54 62 2 81 38 66 62 90 74 50 37 86 84 10 75 82 82 35 9 33 6 28 48 19 3 7 54 45 57 33 8 48 13
33 56 89 22 47 28 59 48 47 14 100 17 94 51 54 1 5 65 90 17 46 38 91 77 51 100 42 42 47 67 75 76 49 23 66 36 47 90 22 98 75 18 17 67 94 80 65 11 21 67 39 15 67 35 98 51 90 64 67 83 66 57 80 95 96 89 82 52 95 69 95 8 34 93 34 5 67 88 84 63 38 73 31 85 28 40 7 74 32 98 69 1 97 70 5 28 38 10 54 86 51 51 15 47 11 96 11 80 88 72 8 82 6 95 1 65 61 31 51 43 28 21 55 64 46
26 24 55 69 27 76 65 73 20 22 33 61 92 96 6 76 65 59 82 69 90 2 49 21 97 42 97 36 62 70 18 68 95 62 35 25 65 29 14 49 14 5 29 98 75 89 31 19 33 22 6 32 11 100 70 17 92 74 1 59 41 49 23 94 74 57 34 89 82 15 99 38 80 20 63 7 21 53 94 90 50 97 11 3 61 49 79 32 24 78 91 21 45 28 81 9 23 76 80 63 78 92 44 88 45 33 100 6 1 72 24 71 59 52 18 66 51 72 69 87 17 69 61 4 52
73 20 70 66 90 78 63 72 50 25 37 23 20 41 67 50 33 15 67 62 1 46 14 69 31 28 54 38 53 33 94 6 92 88 54 40 37 92 17 10 98 97 36 82 31 15 77 88 70 25 40 84 46 48 13 70 94 21 39 90 26 70 50 28 95 14 46 89 65 9 7 67 77 56 77 28 58 99 67 29 95 60 92 96 69 7 28 77 83 38 35 85 72 61 34 1 6 83 11 55 98 77 10 7 84 10 43 9 77 24 50 45 20 31 3 72 1 69 17 70 89 68 0 58 81
31 30 65 80 13 45 31 39 7 2 15 62 17 10 8 69 11 7 49 86 30 60 10 54 41 68 24 68 88 37 66 71 47 15 87 22 49 20 84 14 96 49 16 13 82 6 48 33 30 57 39 64 16 12 65 91 51 1 50 81 60 80 78 32 30 84 14 6 88 21 68 56 16 2 43 45 80 99 41 7 13 89 53 69 88 82 39 79 36 71 37 99 40 21 31 98 46 33 42 91 98 74 11 91 16 77 23 22 30 87 24 58 16 29 62 62 60 37 21 91 82 98 75 3 99
36 91 93 27 30 7 97 70 37 93 6 1 75 61 98 54 37 5 23 73 19 18 23 88 45 3 54 32 62 73 0 42 27 11 60 2 24 16 17 58 96 85 91 25 32 77 70 92 71 12 12 42 100 37 82 28 9 55 69 75 95 92 19 89 80 73 12 26 45 1 46 49 86 52 25 89 66 89 61 81 48 96 79 10 54 88 71 100 90 15 33 6 30 19 59 93 71 63 69 20 98 24 69 25 61 62 66 47 54 34 22 75 6 92 39 75 13 96 15 83 81 40 78 37 42
27 95 99 10 53 76 43 96 11 45 75 67 2 22 48 72 22 23 16 83 92 72 34 36 71 64 22 33 82 36 61 33 44 32 52 0 10 55 87 18 21 74 8 90 82 38 90 4 67 98 3 15 52 44 60 34 64 0 55 80 100 55 53 91 39 33 67 85 43 89 82 63 50 59 59 98 65 71 80 69 48 64 36 55 46 16 17 85 5 47 62 82 40 45 9 19 44 28 24 21 6 58 87 48 100 12 100 20 80 51 56 88 16 76 54 9 13 38 2 90 29 77 19 0 59
74 24 91 72 90 71 2 67 100 12 71 5 86 44 85 3 74 4 45 12 85 35 21 88 12 78 64 64 84 8 36 75 16 50 53 61 75 47 98 95 68 4 47 72 70 82 49 95 36 47 41 1 11 30 7 44 30 80 37 31 46 77 69 48 94 83 18 9 52 16 92 26 35 1 0 68 30 83 88 88 59 95 46 6 91 30 43 85 7 87 45 47 56 69 78 6 23 89 58 15 45 87 55 45 96 97 93 1 20 80 84 100 17 95 66 36 44 93 86 80 85 19 72 25 82
90 18 76 24 59 63 42 19 87 8 37 24 78 97 75 67 23 4 45 57 15 21 36 16 76 25 16 6 16 67 62 59 35 18 37 16 14 54 34 68 54 71 92 98 0 45 12 32 59 37 61 77 30 69 47 37 75 60 88 43 13 22 88 10 33 66 84 45 10 4 86 86 89 40 39 70 87 68 0 30 70 65 71 70 15 41 89 63 25 80 4 14 52 7 48 47 48 15 83 11 96 59 82 33 88 60 7 10 49 53 15 29 34 100 37 82 27 63 88 58 66 62 17 41 12
52 79 9 82 84 83 22 35 50 20 78 58 61 43 0 90 63 82 9 97 78 9 43 17 46 16 78 22 48 99 80 72 58 32 33 87 17 5 88 22 59 40 37 59 76 16 13 85 47 78 35 69 91 42 38 7 34 58 81 14 15 36 50 56 98 69 77 90 86 38 3 95 26 52 14 3 28 84 17 71 20 72 49 71 100 15 89 49 67 52 99 39 34 22 97 66 64 98 26 51 38 34 53 2 40 52 35 22 28 40 13 81 93 45 57 33 7 21 47 82 57 44 5 49 31
38 59 20 32 79 51 18 97 39 23 15 13 21 89 16 99 14 33 57 78 35 93 63 31 72 29 11 30 5 53 51 49 81 65 77 31 6 37 53 32 57 28 41 37 71 22 20 46 69 51 73 64 50 89 59 65 33 52 97 84 63 57 49 19 68 48 87 15 23 15 26 63 48 33 80 20 28 56 16 28 23 89 74 41 98 34 16 50 50 76 50 65 85 74 62 72 96 64 30 65 24 90 95 76 4 18 49 57 0 91 96 42 32 14 57 36 98 8 24 52 37 95 9 45 91
73 84 96 46 81 58 79 17 52 40 21 48 35 1 84 97 32 98 43 9 6 60 64 49 5 59 53 26 74 33 68 98 44 68 46 59 19 86 46 62 33 89 3 76 33 15 88 20 80 48 97 1 91 36 36 4 63 1 97 53 31 31 32 52 19 35 93 77 80 38 84 26 73 99 71 1 28 50 65 68 27 14 72 78 14 67 84 1 40 66 32 22 14 58 91 42 42 77 62 42 59 75 11 73 90 70 48 78 55 72 74 9 27 57 72 99 53 50 60 82 28 70 49 88 49
57 99 45 25 82 99 4 24 42 81 24 58 47 12 58 55 42 52 66 74 49 49 48 57 36 50 76 31 68 58 63 52 11 100 21 18 66 73 77 54 12 53 64 22 71 31 1 10 95 78 25 20 9 37 48 24 65 29 41 91 3 80 91 76 24 94 52 60 82 36 36 1 99 19 46 79 25 40 43 41 6 29 0 30 29 51 55 58 87 100 91 34 1 61 43 8 96 27 48 3 38 76 78 16 99 77 59 94 99 2 63 29 5 54 50 37 94 69 13 84 59 0 21 19 43
63 36 59 92 18 75 27 87 52 9 38 53 60 14 13 78 68 68 84 81 41 5 95 12 69 18 42 5 0 2 1 4 42 99 49 62 41 48 55 55 17 25 53 50 90 61 93 51 58 89 81 98 46 28 10 41 17 59 34 6 90 2 63 10 96 13 8 100 77 13 34 41 100 54 77 17 91 5 29 42 76 91 27 57 43 56 47 81 30 42 55 75 10 87 28 20 46 24 88 45 2 15 41 82 53 39 67 85 44 28 26 46 55 30 84 53 15 74 49 63 22 70 9 88 33
5 86 81 3 14 98 55 83 14 60 56 84 1 17 95 26 53 9 65 40 82 52 39 33 47 23 47 59 10 16 39 53 29 82 52 16 88 33 61 54 54 63 67 6 44 72 56 29 37 80 23 15 14 66 19 38 46 31 11 20 4 34 97 34 73 9 84 83 53 54 36 36 93 57 26 54 64 30 2 48 40 33 82 15 42 70 32 88 35 36 39 60 94 29 94 56 10 40 18 67 43 100 37 91 58 57 7 65 83 54 72 36 92 68 58 18 2 30 15 79 93 48 88 91 98
59 100 83 14 9 38 10 83 5 16 55 64 95 0 71 22 26 90 10 62 86 52 29 1 100 23 17 32 65 13 28 34 46 88 9 89 62 46 69 22 10 14 22 86 64 56 3 89 48 46 21 4 86 40 9 29 94 51 25 6 10 71 16 99 69 29 67 63 80 52 54 50 3 56 47 87 29 100 37 12 96 65 38 72 95 16 22 74 68 33 49 8 13 29 95 1 71 28 4 89 84 43 39 39 2 8 41 68 9 16 94 69 4 76 8 94 69 60 66 86 98 23 46 70 98
2 3 95 93 79 84 27 43 10 36 42 56 66 12 49 32 39 46 32 26 44 42 81 28 23 82 20 11 13 23 31 9 85 63 49 31 8 36 47 65 88 20 5 29 36 32 53 59 71 20 47 68 87 43 25 55 52 9 73 2 58 76 25 15 84 21 8 90 85 80 9 90 81 40 45 34 74 57 25 34 98 92 75 31 75 35 87 48 93 28 45 37 59 31 96 1 35 0 4 41 90 80 48 45 75 74 33 57 36 86 11 53 32 40 43 96 72 10 23 48 40 54 26 44 98
90 65 2 11 11 73 53 3 1 84 51 51 69 77 78 40 18 18 8 7 97 1 51 47 31 39 49 11 50 97 27 6 82 44 70 89 72 90 90 36 48 97 48 64 41 70 79 81 84 69 73 95 48 18 95 71 32 47 85 1 32 91 93 35 73 60 22 63 31 43 69 69 10 15 69 88 8 97 74 57 49 99 32 63 82 3 73 4 59 71 5 54 21 78 39 39 33 28 64 24 88 14 11 43 55 62 79 47 82 25 0 52 95 0 75 53 66 18 79 71 3 92 34 61 65
41 23 58 3 76 52 97 73 13 99 7 64 93 88 67 29 34 82 49 57 14 64 1 37 66 5 45 76 40 14 39 50 41 93 28 18 15 86 71 40 31 84 41 74 11 36 94 18 74 49 13 20 90 14 35 93 61 87 66 42 59 2 82 62 74 21 97 39 9 2 83 69 33 68 71 25 92 7 63 50 70 30 10 97 20 5 32 41 73 49 18 52 2 61 4 100 3 81 76 96 78 61 99 99 80 55 21 15 13 88 51 10 7 68 55 74 99 52 16 43 90 43 20 30 42
63 10 16 19 71 72 66 94 93 60 68 42 32 93 58 17 88 12 1 84 47 54 18 42 45 30 70 22 45 71 97 46 15 59 85 4 81 23 7 34 68 86 99 68 41 46 73 57 90 82 31 93 3 7 77 29 100 81 81 66 33 48 33 98 98 99 37 2 21 95 96 3 91 64 99 80 3 27 47 14 50 82 92 34 68 4 89 50 4 24 96 71 86 13 60 29 30 80 72 25 24 45 62 60 8 40 98 28 43 74 0 16 95 58 59 81 91 66 20 21 44 31 64 75 48
79 28 99 100 5 19 20 55 30 78 27 21 33 84 57 35 4 99 93 12 81 17 64 71 27 86 54 75 60 87 50 100 19 82 14 98 2 40 3 81 7 9 38 72 58 77 17 77 73 16 20 59 75 94 39 59 90 43 7 58 88 72 19 10 14 54 35 44 79 99 20 10 16 85 84 9 76 52 15 28 90 82 72 29 34 6 43 61 28 100 10 2 95 54 77 29 32 27 85 29 23 20 7 71 88 39 49 81 52 68 68 7 43 95 68 83 13 40 6 68 11 54 90 77 8
35 76 49 25 84 88 35 89 66 59 86 76 66 52 43 34 70 99 30 61 60 65 75 70 16 7 46 37 39 31 75 18 66 42 21 20 21 20 92 24 89 4 46 7 28 40 64 14 54 43 26 36 35 89 88 84 10 91 85 55 86 0 29 82 73 8 50 86 71 19 61 60 16 80 51 18 8 62 53 21 43 34 55 43 87 50 72 83 88 9 51 87 15 32 69 15 26 16 100 52 40 16 82 89 3 55 36 7 89 16 87 70 97 22 26 33 26 42 33 38 71 69 68 23 100
89 63 26 38 96 6 84 95 94 63 74 23 50 28 92 8 64 71 62 67 0 98 2 52 36 25 68 36 26 99 53 14 17 66 27 59 69 24 45 19 10 35 31 80 56 36 20 27 6 1 76 69 85 26 26 49 79 20 70 18 55 59 2 31 72 90 55 78 57 91 51 26 0 18 43 42 14 42 21 93 17 62 41 94 25 80 37 95 71 33 86 75 36 70 8 51 75 37 59 95 2 67 69 42 30 91 83 33 40 33 26 73 22 51 54 16 86 38 63 73 14 13 88 29 20
44 76 34 11 99 82 63 46 91 22 50 46 17 27 24 17 17 94 43 37 51 54 72 65 51 0 94 90 41 53 45 79 51 42 38 98 16 6 78 76 83 38 35 36 80 67 37 53 2 89 22 63 54 66 68 1 37 23 45 16 8 49 85 49 81 11 3 7 27 33 61 21 45 65 50 41 5 72 36 29 35 8 58 14 84 7 37 67 21 36 32 25 32 30 24 30 72 23 3 8 21 80 6 90 57 43 15 19 93 8 71 99 46 68 53 73 88 43 25 61 47 53 66 96 13
83 7 30 39 30 98 100 54 25 87 44 33 67 88 69 57 45 89 17 72 33 55 42 22 76 41 78 56 64 91 74 63 84 37 72 34 64 81 12 13 11 60 53 28 43 55 27 47 64 35 39 43 90 9 13 89 16 2 29 77 13 11 58 33 22 12 30 59 20 90 37 24 74 81 88 23 11 43 81 91 69 16 92 43 1 36 15 51 32 19 31 38 62 85 47 12 40 14 68 85 23 28 97 17 12 21 55 81 86 57 98 54 26 2 88 52 0 53 58 40 64 38 61 11 68
6 57 63 78 94 43 12 67 19 76 19 95 74 44 33 41 32 58 25 98 52 33 18 21 65 43 4 7 58 40 46 54 50 58 48 52 21 33 15 99 44 61 47 6 95 35 8 34 58 78 100 43 90 42 45 24 100 26 50 66 72 90 4 59 49 67 96 95 94 42 12 84 66 8 74 55 16 16 41 56 60 33 44 60 45 70 14 19 82 51 47 3 81 99 42 7 38 71 38 54 11 56 25 37 3 55 70 76 38 68 65 89 37 8 52 1 97 63 79 19 83 84 68 41 49
76 47 71 26 15 85 88 8 15 72 75 23 86 93 8 4 5 86 54 75 69 36 53 88 19 8 33 60 65 27 51 80 23 35 69 49 87 81 88 69 8 91 36 91 34 3 28 94 72 88 53 89 19 87 98 13 37 37 88 41 62 85 52 94 25 63 11 40 79 50 31 85 62 93 98 3 8 18 94 99 44 16 26 53 20 4 59 88 58 43 1 82 8 6 0 51 82 50 80 15 48 54 33 27 40 74 29 86 60 38 19 53 48 100 85 75 98 92 99 53 73 34 4 36 6
29 4 29 53 85 59 65 70 26 2 34 49 34 81 59 22 13 40 86 30 77 41 34 8 80 9 11 61 92 91 57 65 30 60 52 17 1 6 46 91 68 48 16 65 21 0 62 84 58 45 78 43 64 75 61 84 24 6 88 80 74 46 74 42 82 41 7 61 58 34 96 68 54 14 83 53 79 86 73 26 98 21 75 29 15 19 46 50 39 4 1 23 47 28 40 47 42 33 7 58 39 37 79 81 72 73 38 64 8 85 100 52 32 70 11 61 87 40 0 95 51 97 14 23 63
90 43 8 9 31 77 50 68 52 76 61 28 44 59 65 10 29 77 90 19 20 31 24 36 46 29 8 41 61 47 12 10 89 36 44 48 28 44 73 58 51 57 39 88 6 69 42 70 74 28 56 69 5 96 92 92 92 6 79 24 45 96 82 82 18 97 62 93 72 7 93 77 18 67 89 27 78 35 83 75 62 44 94 96 51 100 19 50 85 35 18 70 77 57 97 60 88 32 59 19 14 10 81 44 41 89 78 85 34 10 61 17 41 16 80 42 72 23 62 27 94 10 94 62 55
73 44 65 50 37 3 46 48 88 66 25 56 48 29 74 16 22 8 58 12 76 79 14 18 48 93 53 43 63 93 94 7 93 90 10 50 46 69 27 3 26 65 2 50 93 12 58 27 12 87 16 34 28 58 91 84 5 14 14 8 33 32 41 34 3 7 79 91 33 15 56 32 72 71 22 74 50 28 33 26 31 6 96 79 73 79 69 2 78 59 15 2 33 86 81 51 72 14 29 52 65 7 11 7 35 0 5 66 37 10 48 54 83 23 13 27 16 15 3 15 90 65 26 31 56
12 60 75 93 15 80 65 36 61 67 67 22 100 39 85 56 3 10 48 80 16 10 75 26 19 5 89 84 66 90 66 65 71 85 60 86 59 79 65 47 20 85 10 6 9 31 4 68 26 7 87 75 3 71 47 58 1 19 60 19 37 43 62 46 75 43 89 83 19 2 61 6 43 46 65 91 71 30 8 16 100 12 31 84 88 26 55 82 83 68 32 22 67 81 43 49 29 24 13 3 25 70 36 21 28 49 11 4 28 70 59 24 16 48 50 69 17 7 53 77 4 73 55 12 23
95 94 87 57 52 76 70 64 35 77 40 99 79 57 24 50 66 63 44 45 93 38 100 44 1 35 83 44 41 98 96 51 49 23 21 70 46 46 49 84 17 10 27 63 83 89 44 91 95 2 85 12 78 49 44 14 57 81 45 93 79 27 3 55 67 98 80 57 54 50 20 78 92 19 88 95 81 36 14 7 15 86 12 96 12 68 90 96 23 45 48 58 32 37 69 74 8 52 42 30 23 65 18 97 87 75 74 29 8 21 66 27 50 30 76 52 46 42 24 69 54 68 61 96 92
83 45 3 19 34 47 96 78 68 63 42 89 32 43 92 25 21 77 29 61 59 74 71 90 12 41 71 43 95 100 71 19 100 54 31 55 82 31 86 8 58 45 18 78 71 9 30 65 63 73 35 59 2 38 23 66 96 45 94 24 66 87 51 21 31 82 58 18 63 77 28 91 99 22 1 91 88 33 4 85 13 33 23 16 54 47 71 68 12 88 25 68 71 9 18 27 50 81 2 96 66 67 42 79 8 58 68 100 99 85 81 88 41 54 40 63 63 48 92 50 55 24 30 16 39
0 28 5 15 73 88 39 55 37 87 7 37 63 29 52 14 72 17 93 17 0 12 29 80 76 53 25 72 50 64 73 66 61 41 45 77 4 73 79 64 78 38 53 8 56 5 6 66 2 31 85 5 8 12 98 36 53 52 61 10 50 62 16 59 49 78 32 96 42 96 27 10 18 81 55 38 69 3 11 43 81 57 90 93 85 16 96 24 51 72 29 87 20 21 97 61 29 64 46 70 13 91 13 76 35 13 73 75 83 26 99 51 95 22 66 66 76 43 48 6 90 99 94 25 61
7 9 16 29 91 68 38 72 12 29 56 26 4 21 5 26 23 53 62 73 20 49 49 43 83 11 32 47 78 87 35 17 21 92 55 46 41 29 39 36 15 92 7 75 84 61 100 69 25 14 74 17 68 70 36 41 70 75 44 51 94 9 64 37 85 37 45 99 91 80 54 74 86 99 27 61 92 65 48 60 97 23 4 70 94 4 61 96 18 96 10 0 25 54 22 29 73 43 56 11 40 73 40 82 33 68 22 46 60 95 100 51 77 47 27 9 80 30 38 37 75 57 34 98 31
54 93 9 86 90 57 26 85 89 99 59 63 37 10 99 53 10 74 98 99 7 9 19 17 100 73 42 10 95 98 91 50 5 11 14 77 37 6 48 97 38 6 37 98 12 17 50 70 64 23 43 19 83 50 79 79 45 53 48 21 78 73 24 59 23 55 77 74 36 4 36 47 16 85 46 71 77 12 22 86 13 80 74 77 30 69 5 96 27 15 27 70 26 80 10 66 23 56 19 35 46 42 81 5 40 55 93 58 98 22 40 67 41 67 24 36 69 6 57 48 91 77 82 89 33
51 66 3 61 49 46 97 17 37 34 2 1 7 24 44 4 18 18 10 90 27 48 9 49 47 33 44 74 13 76 94 40 85 16 41 35 6 100 61 25 76 97 94 27 3 92 32 81 88 91 50 24 53 2 34 81 31 92 71 8 12 22 86 13 66 34 21 73 26 63 0 98 42 82 16 81 36 23 16 17 90 92 44 27 69 35 12 69 83 22 21 4 86 23 98 14 83 57 85 82 76 1 46 38 35 2 19 80 75 33 28 59 8 16 87 81 56 36 7 37 79 48 4 30 56
34 90 93 38 99 4 74 94 80 13 17 52 56 95 5 94 74 12 7 82 41 68 69 75 1 31 83 81 22 48 40 12 55 43 15 63 19 45 35 59 8 69 8 7 38 5 78 27 78 33 79 84 57 55 94 64 95 55 42 29 24 8 11 2 97 29 75 21 15 10 5 73 87 11 42 20 99 60 54 61 71 30 93 72 97 19 90 94 8 99 97 61 80 23 79 5 81 62 80 39 84 100 8 67 87 16 79 33 7 5 82 87 20 29 23 65 2 50 99 94 82 89 20 68 38
7 92 20 66 49 80 28 33 49 97 3 24 5 4 34 52 55 51 83 52 87 48 82 11 99 80 99 52 82 15 31 96 97 60 35 97 70 36 93 35 76 17 27 32 74 45 80 86 22 35 28 67 19 14 35 41 33 40 59 94 54 95 84 94 64 34 4 65 41 96 5 81 85 85 72 19 36 6 32 3 89 14 26 24 83 47 22 68 56 79 14 21 23 89 14 84 60 89 99 18 13 72 52 8 59 65 23 16 90 47 28 24 42 90 4 8 79 14 12 87 82 45 32 22 52
100 96 76 44 94 62 33 38 34 28 50 97 78 92 90 84 54 94 14 18 52 69 50 44 30 2 33 43 44 54 49 38 48 72 80 97 97 21 92 66 93 80 74 96 70 53 100 16 16 7 5 77 41 56 6 40 76 6 95 40 26 52 9 25 13 75 63 5 88 20 84 44 45 89 78 69 92 8 43 53 85 27 71 66 97 21 3 37 28 8 51 45 83 65 21 2 9 75 41 30 80 79 56 54 48 3 69 28 60 51 65 19 81 41 42 88 37 3 49 45 29 0 54 56 24
97 61 36 90 8 36 5 73 100 61 75 3 65 37 16 91 61 41 28 56 13 11 59 83 28 27 17 13 34 25 26 9 91 45 73 36 94 26 63 7 57 71 17 27 8 24 3 45 6 35 2 31 48 91 100 63 61 34 22 94 57 91 100 54 23 7 73 73 7 56 47 40 68 99 8 16 19 52 54 31 97 19 66 14 79 39 63 39 2 27 58 63 65 25 6 82 4 51 50 88 83 85 21 42 50 29 9 91 39 48 14 50 77 38 57 62 21 77 86 86 38 23 13 45 70
17 20 22 91 68 43 12 8 67 59 19 9 60 89 47 66 70 79 75 98 13 44 36 66 87 32 16 35 34 3 63 6 2 5 49 62 52 0 1 65 94 76 41 11 35 59 39 1 98 53 7 88 56 31 80 63 42 46 22 0 51 49 58 13 7 58 35 25 50 41 13 62 51 86 90 45 12 84 0 40 54 28 91 76 84 62 37 57 30 6 72 46 17 10 83 75 50 14 61 28 47 57 1 45 71 14 20 90 80 53 18 68 9 0 47 1 65 82 77 14 74 23 38 21 48
44 25 49 29 58 90 5 26 16 56 97 38 19 8 13 63 19 76 91 36 22 63 50 33 28 2 35 86 18 1 1 15 80 23 27 49 20 100 51 4 72 42 98 69 9 94 49 19 21 70 62 75 67 39 97 76 15 86 69 77 12 77 63 59 12 19 91 47 82 38 45 1 25 7 29 83 52 96 93 86 94 33 52 84 41 30 78 29 60 20 35 14 49 35 54 59 20 98 93 69 20 24 94 61 79 88 90 23 38 30 70 7 58 48 60 57 20 6 61 70 73 97 98 25 96
