633431
559981
638554
67341
161908
567438
281707
993945
373740
596018
710888
343426
534019
99238
864292
592906
82767
499727
658520
838394
745603
939620
309705
154684
309773
63079
514469
86250
402202
196413
426737
810643
766105
138917
313095
922691
818454
955878
364334
827800
870786
211700
335049
827101
162681
123783
216511
561813
638478
268867
841460
964598
963864
933306
135291
801144
588450
593682
246142
314324
433903
559486
892502
48590
872348
687679
494889
504254
187412
848968
688843
519909
419402
208565
698195
60130
493597
629058
260886
657125
264102
39690
680131
392394
962450
111090
81554
971095
542625
183786
332842
765645
774636
862675
570432
807826
347044
833316
901534
142808
122941
123902
667679
958387
697016
765224
137033
388260
784371
333876
938861
738586
633714
171836
996564
817220
953943
93028
936255
648931
800281
272883
347991
878477
301551
742717
706215
354284
911354
912107
676445
236075
919426
393587
633444
490526
506736
86118
641421
171209
223665
795910
962297
319517
129597
799108
86618
68636
48613
942396
951333
557073
284760
284298
668037
173541
63971
39251
522061
210537
414982
971326
958380
505756
607676
121118
557765
750248
918334
713688
309429
939810
482350
918037
242884
338592
14835
366918
883296
14616
967771
694557
665098
622602
103910
892116
48967
633260
729968
221089
281754
648439
717176
589536
607383
237612
650793
315032
452097
891400
471961
228901
523560
697430
49266
799440
506415
653900
878508
908528
93932
517604
468336
288707
70940
816306
481562
839330
695746
126340
3692
430828
333248
541055
146204
82550
540803
479091
564755
408667
208843
735635
622960
422800
115958
867246
570431
7467
865843
237878
162163
856650
411247
59887
870834
873571
711762
978794
696593
61713
969016
26007
541832
503522
968622
688907
234052
273803
27810
938656
78685
646544
193994
839716
461653
604732
552741
949277
405188
910708
186515
345858
833196
837168
99076
924147
497821
52136
675573
634342
211519
43661
760740
515662
857334
750088
878012
248957
440084
330354
852829
737312
104416
857039
988278
586034
123495
724069
542734
49114
213939
844985
231486
231820
985906
736411
380011
988068
846741
342653
801195
843924
864808
65455
560980
203176
853671
812740
1077
101627
283987
1320
200530
575631
773936
517021
437070
484029
316021
543483
948543
743390
218908
491934
749385
560933
457438
396077
281192
492852
907283
164054
737394
425302
694208
699215
841324
568688
663970
562534
823382
651481
965319
831811
941814
675033
547345
156252
4941
858005
930270
903395
141161
484534
550004
420437
355277
846554
865212
970335
69596
450401
843769
374762
657967
703037
380986
727833
802474
39067
242135
388770
120915
711785
183737
909098
568982
542568
770691
258538
686850
321075
142151
936530
934961
323071
49262
137325
966908
607007
922298
374557
399682
849834
169754
97999
894029
368341
832082
97148
363436
483725
261466
713806
598749
474026
61379
128854
882038
515913
553511
613092
995704
90286
223957
648748
426212
798278
528997
620711
84798
846161
97286
456193
357249
293947
264856
915913
619916
392402
684
313385
853663
834198
613126
239264
484012
251276
440042
869474
46754
350203
171949
345623
628937
759983
518137
967281
637782
183786
27055
937391
684085
624410
523541
20518
326757
374018
521692
871769
3332
646298
898207
568005
101784
961199
788234
432610
46564
572697
396395
15614
209974
503659
429908
136132
703936
277453
172425
653162
714567
684044
435245
279364
977009
145526
863683
933250
199161
908169
940043
616517
399414
307925
790789
559738
206350
22868
829755
61531
507393
501065
274048
83409
920742
158059
494073
747072
239082
669590
339753
221396
644160
880307
949676
918007
547631
531641
887052
208957
70003
921537
620499
693931
793575
202405
690332
333521
352441
720726
714594
329251
409979
229167
81485
739818
151359
771868
407665
723750
36327
86886
30222
385197
186972
222812
557543
934902
171362
140767
469946
924248
589883
579845
184312
139397
645736
521345
504541
391281
382964
686727
144509
278157
106764
62940
342843
811507
996215
2602
341031
231642
904829
610207
449281
438895
841936
652479
525633
752791
665767
233669
696038
580306
641216
768750
766118
908222
709971
402354
881862
584369
58611
473668
630500
10893
899527
429271
982357
226099
908528
689210
953130
844554
318626
164224
252646
145750
456513
124501
780182
980891
172976
938885
614480
399587
242428
513301
261356
296990
281486
413288
216466
284800
404233
107406
320272
118185
813056
488419
278328
580802
153100
402663
175976
801887
153239
84271
456714
973456
30890
133190
295162
272962
141768
278840
972698
870344
895967
566778
940603
758409
453270
112436
439576
930131
189658
429582
274022
838099
537747
904758
266714
577629
467094
751808
300218
431481
32605
821501
820683
81872
97215
849165
919602
701333
105787
607238
872123
555685
371318
891339
264743
993194
906352
78555
241201
490216
713607
629215
915130
624226
73934
423183
58717
786022
563123
338403
543883
922745
735914
971565
432520
575212
513909
761021
86695
683331
870088
727253
507425
437707
179318
853727
561478
154944
397701
64
5210
564786
661888
237346
729290
770422
965340
716625
911205
762665
716844
484806
698005
264169
191164
387434
456254
279222
897654
648075
770683
640110
381709
766264
719944
484162
351864
64771
865215
177323
305451
620253
564026
141707
574304
498132
705069
836281
937042
627085
66189
101715
544897
103340
588881
220398
36159
65796
283186
831844
576997
840868
189263
160641
172905
248096
666018
494112
244843
93827
302960
221020
598386
147310
387174
8753
823580
442414
780881
871984
770020
14806
6542
101065
371701
216031
253797
985361
948726
928906
334740
620548
180030
646244
239700
852443
818896
490773
423774
329192
397914
708174
144335
928660
842093
671408
504079
871804
874857
519824
100014
743805
521865
575829
342011
440349
203444
127864
530522
109035
807940
746108
694622
992867
192335
747978
79151
397894
56023
681570
906525
92687
528038
289459
426615
294459
26352
681876
613807
528899
464161
901360
429504
108195
290256
565030
130728
914292
993680
922817
694372
62463
443630
485105
569661
389145
608896
430895
321577
681079
928196
217266
832509
134425
877456
327349
243606
282717
462284
323482
378109
157805
805200
923247
31007
570985
17941
130538
70713
962331
383083
889617
335719
166442
322630
409573
343333
395394
506118
33401
213874
875933
875206
521624
245733
482394
327184
916601
791779
376479
713770
253346
413998
492179
481747
590163
362536
34668
620730
439036
107491
504962
978172
382654
129213
395010
230854
514262
724273
644902
475759
329554
184088
51301
713807
140246
354802
875544
360958
334664
938732
52353
385190
296547
377748
913034
819129
743617
865283
781859
971905
422734
402717
351115
320305
91033
195481
900464
921093
363425
377161
330473
913227
888152
540142
487968
706944
924963
617727
42767
444092
229666
51924
964923
78633
821996
182847
900081
789789
778692
874986
593823
8995
216088
726655
266403
911582
194977
974098
125917
581953
209540
294384
854600
996736
264416
901790
778025
660340
288457
123869
895730
399086
86034
666747
689076
750783
478928
726730
310164
769821
964651
956950
457886
704787
795974
689196
524942
296745
432511
142597
165231
133392
133527
897811
334452
246964
471218
382
903820
830022
327364
37697
113677
8277
647744
517918
620243
702464
114073
942035
991242
945045
602539
39758
327069
241960
750039
722177
825620
12288
831531
828470
424435
583606
763241
847642
317891
368693
655906
827649
223421
488974
255244
837208
238443
348851
384949
44515
166457
681928
915526
767925
543870
728737
243724
499690
151925
357801
497141
809202
162484
700954
145219
850201
151885
980454
514338
570525
374319
204255
531028
652728
799780
28281
956428
137293
216222
540087
197050
454303
407835
385355
758204
315717
194756
941220
359737
10131
23475
865376
781906
145746
292871
867312
943702
36696
144380
203907
874548
535802
49985
938310
755108
968531
700252
1032
456551
635447
637244
996828
528743
268239
440319
629484
988403
387581
208898
515839
236781
703183
175784
299450
814454
183656
607383
411
371
191237
812707
979772
278804
494446
163743
951141
878178
22448
362737
849157
270020
487506
687183
53135
702594
149099
179255
143317
289631
103176
477362
678880
495012
255760
621381
441355
711413
726031
698087
24796
715024
229072
61266
518769
993400
233024
456484
22305
670706
330243
630104
511298
255023
612229
83669
691311
479152
926999
562054
810005
334969
737669
328123
425710
43218
989842
257527
417281
432610
135663
618203
176472
47122
737762
27892
341934
604869
968011
276136
749988
254840
416940
782961
334858
291220
159151
166555
876000
368534
218598
53863
123262
872116
896640
757805
377785
772128
210643
531798
707558
648686
844148
227944
39072
903495
714870
429701
519570
534628
805664
98513
278104
56295
210852
723823
567798
409788
672511
892415
148374
842722
229262
694427
570894
401463
842648
819510
283954
227579
954160
446675
422362
597476
254083
783955
929951
898133
688383
542468
673701
505036
643044
764499
714509
647744
576952
982174
99120
719960
392855
568250
524787
644082
889159
555625
333016
968521
148408
911537
520946
174502
567512
607991
343119
313395
184535
176484
449970
847459
857795
533569
665834
801605
331674
338585
519289
804272
316353
760459
678445
663195
865721
79331
959625
893615
470653
87027
232563
797484
665360
135774
374357
913199
619765
39366
469534
826550
893223
600644
735524
791301
151120
730683
769543
998630
284952
180529
814722
423292
796642
66726
763493
452333
756354
130805
988903
841756
684189
97709
105509
393660
691136
990539
374947
430825
321429
778773
856092
910652
67859
912869
187365
544546
711622
662820
987396
407703
162362
337462
526478
691312
759050
972021
575222
859410
446052
847694
914082
878621
652015
889787
312526
761461
23085
209249
927753
801451
460391
228342
207582
773254
591021
78668
817736
547545
593565
210057
527568
252977
181276
523359
98226
889004
146583
610378
776448
31431
492538
432705
948359
976865
676179
580024
450524
88185
119396
54082
343004
194811
297346
550863
753962
766832
281097
882383
93979
551762
357523
545876
589563
513734
993942
593580
544412
199136
672468
183179
881192
489098
952569
946147
527521
494395
318825
591915
411861
66090
852758
848334
881311
765510
487012
453779
393654
898904
389451
449865
317379
819926
851744
226917
788401
4376
184535
893189
240137
23253
660923
590792
521488
999725
75509
656059
140524
715846
384370
78462
764705
180519
590074
31013
552860
499178
383862
278288
112048
668001
13423
621226
672907
571319
459246
441469
716362
130689
342862
24451
127010
856234
249151
739746
114064
4091
475255
160831
468865
899973
414502
957050
249773
953521
626232
774502
881298
562354
74524
451128
316618
244914
80404
888802
709911
2089
213329
145001
328949
165104
97836
827734
167876
711627
55706
184782
187051
502224
709858
655953
902180
217961
242289
935264
623428
380325
848265
11950
753507
763941
968386
153245
819821
757776
37047
99398
631707
671723
640814
298787
24619
646707
894117
666382
526409
3949
625995
479073
708018
911114
922967
530137
980741
450051
258061
404237
172096
341160
305463
493266
108944
953120
239643
41368
699223
801500
468843
316794
92782
559439
507660
248485
664840
736428
464875
530865
807147
812755
102443
880332
437483
608674
702909
838921
327558
675624
983744
921115
963454
938041
386388
719341
278721
339897
482574
9313
158012
113491
687016
908094
736363
118462
701819
397807
630618
532968
883996
666938
35308
743066
939748
779688
91501
290659
213405
428582
373575
166760
955916
489530
345009
30304
597411
45387
971723
925593
860312
233021
76236
271690
404553
929533
300911
797788
291698
812344
103512
375004
732234
7047
232835
885798
794316
663871
864608
829207
491630
674967
162426
964169
682757
103769
677729
39669
548668
117528
696150
74875
208040
65823
78529
199970
828885
836089
160810
915112
512457
781096
763248
109023
879572
983552
549655
359374
342166
919756
501554
770187
674945
264534
926351
264039
9757
835169
975034
434140
346898
944937
336916
963653
277032
804048
365154
560961
424822
734998
325481
126072
298396
507003
106955
663294
743358
127804
210593
366113
90606
883202
706947
607200
479537
175744
648563
559728
593839
610506
766930
114481
923180
160558
787724
29470
419391
242272
103176
856747
402050
3154
139488
123383
338605
69073
603919
213461
800770
251791
309612
616902
316520
787469
538690
970914
777149
527843
343118
236502
438818
464429
707012
533543
182381
492829
539764
764172
908128
784569
573417
300503
804900
323710
247885
886568
463901
682135
614213
863691
304087
725163
740066
881373
105059
921386
572235
571051
873107
668703
499158
740151
553585
112560
663414
660567
549600
750707
416404
556669
984567
303493
659974
132335
339245
358086
891143
325880
183858
374213
387355
234948
750015
931012
668437
50348
671685
26254
141076
655939
398876
185094
657453
668085
629323
872527
153982
349675
529158
206368
968593
336434
30139
60201
269983
515291
837471
739637
254500
352844
606444
337524
795197
777814
651999
562031
645442
994750
497110
287651
946206
122413
656655
556166
138729
325059
362195
68600
763574
764568
812206
570976
761807
540703
617851
503481
111586
591846
878386
958010
182735
201610
75110
984629
896048
55675
662325
806048
649352
636308
708008
604878
776715
309247
209376
942771
874479
776732
793341
622044
207049
212420
430850
673837
98724
293945
780693
724619
721193
839739
66497
929707
441228
157807
318510
125948
122686
932566
280102
896218
429486
451913
263287
186714
445430
840940
703707
533448
285112
953178
937758
280206
5015
155818
600408
661370
571260
256288
856223
57783
81272
596850
845934
768422
612186
649119
57390
557100
874710
598356
812910
856728
257265
231597
22489
91521
767329
273233
388024
964363
596731
564773
408704
643208
460752
70683
255497
529719
990391
6396
722368
749414
560502
382361
497037
788143
38429
55378
452627
810783
59815
751096
402001
875246
376410
398622
783660
504870
40393
352599
445504
21099
792178
524915
997095
186699
20904
740419
470268
688389
836613
204851
39607
642799
64279
332111
840443
607104
673228
393673
210261
618268
505487
157204
121210
365555
399324
146777
854113
68797
555861
76153
4646
192053
975415
817058
194485
225336
282999
279070
705270
513333
781237
599697
3681
131191
11874
419949
524837
463621
753449
22914
233491
761417
776784
801442
770791
668600
733342
753067
450783
350434
489411
267173
306918
197922
988413
751988
720619
962252
722254
626190
826500
244501
601449
360691
586090
296662
472596
350876
707683
794952
671606
352818
345679
637272
886416
167990
100948
51947
993033
374942
380299
679381
815739
152021
489897
618461
470658
528304
258515
396501
875138
51152
399161
707986
745500
855821
682474
699269
715962
773861
530803
601119
924959
887691
47086
40083
307790
289183
134706
387191
476137
823204
702148
193837
617164
678735
292491
940457
22883
200842
88659
990014
467717
355406
68033
386258
750385
362280
207669
965061
10480
670905
8802
501263
176605
736248
245146
87075
860992
175849
588140
339806
455607
236743
798908
466236
340679
243046
161428
40104
87213
13047
942256
551166
31513
815641
224062
327941
395440
566548
8887
41839
562238
291916
762955
925287
214231
677446
545080
660495
387348
564073
465035
204325
948321
328217
535148
122058
295076
963599
164545
134947
892746
734918
19133
403902
797196
749540
431422
276372
927312
999168
805641
40989
451482
537908
39091
766161
161285
510276
532165
171762
771292
96567
724382
129786
651894
568773
362867
8676
198461
573015
884341
766753
616471
732027
15891
94796
173255
742888
867902
778660
742351
964586
695221
781861
3799
94834
101430
430832
938729
652260
262444
856809
162627
774365
159770
21405
234978
469971
814779
71982
665967
260829
768856
714014
571832
465273
765888
178993
696512
744540
836203
737535
521422
243262
118220
381420
611963
894581
901476
191163
611627
822238
553903
914093
62361
879714
633636
629670
87470
528911
473511
849709
149114
262855
918888
79219
225932
747742
915030
52027
978392
155810
615503
468187
150389
160609
28746
859483
615216
594746
151800
423253
171953
646722
432142
27066
920223
795171
408151
538659
829610
972723
105166
374131
641142
911496
598323
330786
580050
510280
660587
542011
710129
10236
873080
383358
728193
697634
6776
809923
117252
289687
203069
721145
358916
745192
955852
930987
344258
557459
812418
802469
230282
595131
922219
361236
820518
715815
85732
19415
897616
179754
320836
133689
453538
56978
360879
375290
134914
24992
224527
617097
87155
808178
143943
3250
106059
790438
214415
850717
972616
668039
96438
616922
734601
853480
722780
845299
359655
616808
118221
658239
865692
560527
719928
851749
115435
330890
222445
983091
211503
493117
587431
592860
974766
707389
599766
364385
457462
686719
398700
203441
912570
180659
468208
893974
76891
402943
455392
464175
504954
526306
583888
203780
859519
773713
127410
12087
551847
512175
165950
682452
143430
627054
975000
771148
57620
222644
660836
532335
318515
678052
920847
653195
958374
948852
807392
912588
465115
774620
249987
39341
141300
981096
941928
306819
595385
394313
897076
73132
848160
45805
562492
610249
899637
395958
420266
643720
185353
646429
98788
565693
676689
349114
888563
410921
989959
901657
10229
259899
792911
250364
686769
625101
808017
298937
628485
802256
678603
391473
920953
25728
454273
943518
411346
207053
598206
681679
137610
570945
104870
273918
511666
850379
743056
264699
537559
743673
146446
78347
640279
173527
180433
245641
343985
349444
956633
907110
899760
313148
909185
171922
13499
741430
597420
621828
877695
940722
699014
544705
784667
629051
759062
524104
269950
949179
179894
579108
171447
252469
349783
472376
750231
45481
289802
606112
509803
953281
869726
717121
446369
730495
592995
239303
479149
922087
860230
76108
609858
90472
348526
792910
538985
937607
410205
506357
138054
956681
232299
139167
767405
731626
165416
980571
704874
412311
355664
767022
260436
413042
486507
718695
845087
958223
624452
368185
653233
558243
984203
214694
814412
614848
473766
73842
182100
39925
787636
285904
494996
221499
914094
832804
410428
488172
755869
62292
445490
718538
295501
395682
72073
137863
709368
754416
938728
998330
254520
257094
559578
619788
969391
368433
666666
848493
596762
506925
289971
213847
270151
349542
947856
990680
734547
69170
850470
535280
116001
562533
344839
782986
278616
83921
889267
798123
265872
168836
370360
229493
892550
764539
437130
929555
560418
102233
592715
229658
868199
777658
656202
364949
190627
486805
768865
954413
614118
944588
273833
98453
834014
622822
283210
137469
984500
607859
69753
764791
412133
742630
952590
521042
546855
989352
669588
909783
677595
43922
37901
40886
526320
848174
774941
844813
120687
582727
424991
265324
117431
763085
159692
641367
241340
4847
455351
362714
658862
13925
689139
102980
495441
451667
671082
173596
790060
346143
449483
664934
690677
848612
954429
674407
843366
630344
819814
620317
431518
670301
362440
582009
675307
987432
267435
367127
143533
641904
451502
108555
514692
76977
647190
835512
876919
507409
920633
214770
388954
247626
959524
918664
275434
602533
589525
711021
737888
940129
623007
350677
99511
559606
580659
36912
191031
531508
98185
149930
974137
970187
392795
741528
283044
81497
867485
164337
30579
408591
219833
303178
88389
672164
503366
57206
415504
494412
698785
800281
705217
513342
378056
299109
850117
344359
634383
643356
857310
792514
845803
304966
591768
858364
721450
95571
777242
759086
566469
782222
935098
545278
559263
129369
475271
187081
991526
818595
352071
246626
356930
862519
148374
293450
598192
420189
610979
361080
695172
776153
236021
70392
482825
126174
644664
554547
878857
186357
838624
992634
806762
388890
309674
689856
348967
680831
640970
250069
983023
19912
804904
273671
441985
396304
859637
912700
738271
472193
83479
986406
563641
808983
744971
329984
324445
750089
474366
241329
390530
368796
39663
105853
284233
2634
87115
863292
754950
718154
207599
961165
61216
926582
435983
226575
772362
27617
12921
218164
351925
703862
162140
251271
79691
439045
388146
768946
238731
849002
11377
776544
451277
738921
185691
567700
429309
516717
597807
550448
194219
696706
746690
428362
844518
57278
697816
732596
525466
930160
533974
536926
882609
261259
646933
676483
6965
108049
823926
962631
821043
479251
279025
675458
724327
898333
924318
680813
864366
529245
495947
452605
865289
925149
298874
431116
667016
509278
97050
259677
606678
997106
847471
185729
954706
664075
53717
35939
95528
615490
184747
985117
404475
329412
194863
158418
216882
87909
49272
134890
95297
657122
776762
782872
742839
22248
320655
709642
120264
940853
473642
555689
938440
596047
95325
572520
380600
39027
686029
873869
662151
967531
954805
742570
275696
975236
242495
804964
147640
564685
356530
999671
921767
81396
302405
480350
938456
581488
985261
441056
462193
734536
931879
433027
507008
951524
750732
938653
111315
669058
541236
266338
266990
212552
961148
426033
179256
88733
725701
750036
407148
929020
571049
975222
288080
487724
988778
199697
663156
153844
512636
139511
628551
84404
945795
749747
738090
406262
173647
841089
979435
634136
585872
515455
945543
832474
339734
539229
654248
589362
869099
162342
492032
876113
110606
786718
686970
529438
888807
4008
27567
986407
354675
58934
57952
114430
464168
768705
692205
112038
618569
799890
750089
513062
255296
878466
524114
885395
486474
637140
587647
849307
945386
618749
959634
884745
121234
365262
19968
882097
647131
59202
31595
751473
456355
172282
1502
135385
32777
82745
937499
953574
540139
303557
802493
955976
461355
642241
826557
407785
35875
189369
919778
489137
721612
261105
429922
555067
934032
697370
922444
19666
158585
923911
219128
334017
673402
838504
431320
608182
527665
837119
973131
437154
336398
20420
892688
502137
546052
801298
194
556578
673782
983275
201894
206231
776391
684016
733299
123314
344170
742391
833480
933252
306026
523728
705866
37181
891120
901447
437939
567269
602514
801852
366404
905428
204548
185674
85951
387328
753321
738731
146327
981278
915180
932574
227829
270929
993840
545359
358749
785553
45123
701102
53661
968227
185896
520841
144699
270715
546903
842444
355505
584896
712365
829312
848298
228061
98541
3377
404824
98987
950437
758510
736874
464189
695936
100738
121349
524185
619912
385371
290400
930889
561060
271657
389044
487628
425321
165576
984691
428930
58174
593617
271492
732698
225680
764231
662798
41882
717470
334632
498833
445071
954390
520574
126152
930168
296505
766737
731132
124249
85694
490971
586283
938641
962164
200408
92102
750161
959391
14820
203990
495319
644859
665619
416723
636197
497557
42902
556327
490043
267713
189451
405040
302941
654458
585332
204341
856506
705646
817597
342630
424797
387677
361029
725417
72590
627987
255492
631348
49566
660698
272249
14745
363560
635920
233459
495829
948007
984528
331477
255744
847918
480185
863194
560096
794047
12747
558502
269661
586247
170143
998285
962246
332462
464962
666645
796909
971254
964670
633332
765517
689450
914068
688577
553613
903986
60844
723225
687937
678971
190632
250029
395151
685476
838160
100521
703464
464840
242179
827885
705333
322064
678122
806967
626070
905926
958090
385955
264682
365813
921971
494678
913936
583006
411327
182797
458995
111018
553779
736826
829760
483419
570465
402447
42419
720310
470228
32521
585875
376386
93445
101974
762688
899179
286292
962992
503881
725797
203419
332698
793974
620884
308306
571557
306640
233397
360003
711457
542686
508358
502794
637839
350287
945742
988365
685624
743684
706546
869132
39000
261888
709035
452099
454458
819633
410075
963840
599239
144905
786692
226025
284170
138875
859400
890348
907997
337916
520675
430196
986727
648077
691076
489539
147014
131222
878894
592368
535310
637290
215476
823230
149368
481936
207971
218088
717186
369959
426655
978353
457775
283428
863638
335580
308587
667662
917935
669960
8258
138693
576464
570800
643449
959024
86663
82167
440038
716702
441748
696471
243236
893374
765957
489863
806287
360218
130105
285497
554217
824525
598500
855311
788825
772894
150439
974515
292628
860931
102942
13650
801920
788511
776410
678355
238180
137173
336119
85473
852308
789434
141750
752226
339554
812370
760958
547562
690336
745769
472184
232786
583690
480137
104352
644703
347315
364017
769408
739791
370651
26436
477808
531802
157217
786342
268944
582696
494293
797810
777441
699409
477274
418166
934767
555042
393228
798901
526290
417725
95966
551415
737489
65609
434978
553959
926446
949898
959968
343540
141110
198534
181768
544956
833271
320818
839151
132152
924402
528243
369162
745979
772150
767761
722214
198553
983344
58940
858556
250713
173878
455167
355295
671068
64947
696676
655873
256386
184621
619867
878822
577669
373997
126213
693835
135689
254946
702303
251062
377897
428670
173558
909600
433455
206205
724081
433565
981592
108036
888285
823119
797198
463678
712370
514288
32852
227516
536142
296863
410322
18739
839155
561110
76453
92764
355256
164509
114791
666882
893907
2113
76744
832878
597018
720090
994829
283959
533286
273524
208461
820720
162111
826900
588240
707066
696293
964219
63696
507243
568859
766124
812753
113007
995348
279352
186851
679787
493842
845118
221112
992481
514150
225605
378280
999349
614650
911846
913330
925812
832399
563377
132916
191829
276203
2281
339999
659333
844297
111049
793829
513124
119824
892423
138164
956561
38091
663310
711724
227593
502456
374460
730882
793244
402669
480746
793729
256575
210619
872342
376808
13350
801729
706762
366805
342050
860933
213044
349397
1189
956383
895672
861985
273361
127522
258474
775613
330868
65217
616965
658121
679879
532583
581435
555439
644701
442503
215625
889254
685696
107346
559072
47114
421387
237207
974391
358425
390165
284896
785222
391300
443567
948385
872029
396931
901748
430337
593416
121763
561656
585479
465943
78539
878596
633303
468857
192914
58425
249460
269357
556686
210338
610092
332410
578059
921598
173506
811794
761371
995571
643328
810631
494043
37491
832561
33439
208386
225200
96799
737274
377448
842311
978645
697858
758220
546289
496112
957582
257070
936811
136006
191753
129857
999313
421294
65838
122394
116380
454502
4428
848776
712625
298879
840280
626755
488964
496721
223785
703324
527470
594588
686146
642790
880601
278873
805771
156567
713491
753716
276851
277419
916951
621403
421585
77717
865858
30735
924159
843227
694495
57270
724856
805228
823252
984614
198722
13152
392611
674685
909709
19249
781855
406705
975034
837653
207003
318962
746646
443143
420778
871928
430314
156657
185251
160518
416948
477192
575005
613994
931861
190402
55908
100430
387830
195095
441678
917420
903480
605862
247033
112994
193308
155125
711511
907733
327909
514246
30162
187868
466795
173548
492057
42009
45550
23245
811435
324206
883380
997667
862636
214435
345494
480785
779018
139743
53530
908378
915470
205
202303
147709
225529
679071
24808
742849
472724
708172
493720
761534
703017
65820
380159
276391
840469
430645
424478
850936
258008
993019
919161
661785
179717
840546
303328
180766
910124
766076
711739
975893
955817
143073
368431
897196
5349
320213
490615
930859
58398
101765
731699
366486
741661
908593
801336
992334
935788
306374
949857
410764
962608
916225
458608
86650
365503
85327
458628
439236
450949
654386
633542
418519
559555
264679
206064
335499
757484
453954
753470
757088
504480
424856
152231
101817
964040
310152
546331
420336
409004
632603
999133
817313
863985
197809
861655
512646
114444
534278
616140
197279
646194
790712
916630
232175
33742
310523
311015
646270
682168
718621
522776
21763
768504
249648
87814
242237
198991
381800
807311
299418
299873
350483
423237
102316
585796
681441
260116
428604
386748
104608
379887
359645
625579
902286
305351
624286
711870
226312
425092
689785
149581
958168
272389
648947
850698
318799
483326
287310
215098
373378
190851
514475
55045
240408
773736
568959
812054
159041
647202
442554
47310
757903
722719
131813
660949
409148
395310
717183
583216
651338
92890
812433
705916
206245
361995
67143
711999
323164
917466
50347
186482
10662
825378
467517
811859
911755
857911
298401
516550
96272
432618
83478
101301
711508
755182
588786
565211
404981
600769
375906
806150
356444
541276
410678
444059
865871
282023
510479
997996
294127
812776
293116
160422
866422
744035
907065
649058
287795
85825
691619
219052
115300
316196
642303
311187
365201
504881
448352
835644
907616
230509
824907
330808
588373
161526
810654
593009
735568
470630
987179
450935
60378
454866
97543
867825
601065
955311
493555
438549
21958
967689
690275
738930
775035
407135
815592
353522
489575
374236
212041
953603
441728
455938
764101
566012
973495
510628
746795
697440
750136
105783
846476
113466
339597
345035
964414
254787
259331
770120
765102
796857
173291
294292
333430
569166
319994
891491
515498
420475
758221
133533
176722
758135
910321
944627
167707
243613
691937
483208
449297
153350
470654
996378
699331
761936
426530
3867
259633
763874
967674
530098
271193
196363
669674
229641
449026
797781
601308
137827
385840
179815
366531
84507
369393
56349
165768
260125
229706
646539
391471
424979
198070
152316
4173
266497
427660
328262
588216
424733
510305
26241
793920
468889
394364
99901
149218
333465
948985
91156
55296
987784
985544
94570
653095
864525
396351
18978
81961
89323
393477
656308
375785
485117
652042
56554
883996
358052
227306
962518
199388
846148
21560
686737
464807
557778
250386
727975
159982
646514
515948
900922
606688
980871
673560
863153
177852
10922
284324
673701
804523
50362
837711
135241
199201
62775
423554
231388
242136
198709
600213
424206
275784
435191
944574
355410
830638
52233
174066
839020
794998
783819
886526
467310
664251
558123
365536
324601
445116
396844
802324
282843
100452
764862
973053
451666
379904
995601
25712
534584
775353
990513
628861
486760
347465
947718
266120
346749
112094
574347
141693
670500
558787
399285
862098
84940
341141
843607
32770
723315
12201
682572
26305
319010
141123
465343
92636
667792
982707
859224
79815
804016
8767
40697
816549
248730
280888
938888
155501
129648
752685
982626
580443
807116
358086
319210
929808
747326
161252
846132
797200
581006
21957
466159
946037
574780
36764
586734
681395
8790
734058
924679
781236
627969
191192
191081
234672
1740
403838
650578
859654
362048
316446
248344
245991
806984
799409
827615
528676
926837
721147
332672
870578
185360
690144
175561
693555
944349
547684
163411
29961
608078
10048
818233
816687
189099
203946
416438
546829
79238
387590
880808
952194
657920
21740
342675
879630
713816
426577
56735
199191
261563
116951
178567
896218
862528
707189
853506
984525
672126
595872
315692
132189
489769
744845
333780
843727
25920
784693
767684
244181
718148
827831
690005
876574
273340
947359
376842
448041
399873
981084
978295
289623
721177
373007
32872
205561
616592
53045
942783
249842
626811
677352
555598
2908
243659
639778
646052
251045
943726
715199
203042
102526
230519
865980
51661
836435
946697
369971
235658
301795
410832
672533
848695
525769
767117
100016
696070
817533
289321
99021
797607
653479
98221
410701
577785
722255
239347
800207
396086
677456
899646
273589
277502
85640
388070
200330
283
74496
387014
919037
801394
973336
266916
891271
6825
266889
358264
614856
418745
258798
57418
162875
785969
930425
58793
981374
793130
564070
395529
314873
287494
271900
992273
751963
104454
530055
125242
379893
324446
274344
593045
232167
958069
564456
619752
573458
508876
648974
823477
904552
579681
975828
591304
903634
885013
755408
56016
444781
139634
202184
825639
430766
398508
977390
792576
122322
827188
146938
5485
376005
173999
571996
512830
95398
701661
396584
962069
9155
217796
405016
562052
212357
342069
695149
490971
708857
632029
491409
97285
643007
712243
940705
429515
266296
252851
496858
179648
934476
971613
808699
28239
150911
652561
29142
129772
208908
434077
471547
460085
805185
527963
198713
845482
139316
594383
555242
378660
85766
834200
397134
247903
862028
917747
687958
203922
629351
989259
568783
81568
325458
813660
98612
614959
141156
359586
599382
186217
79509
404479
876188
691796
500866
99106
285807
435386
905299
98730
485517
906230
920158
929343
960924
628341
181282
146152
283871
232497
447470
561094
797550
496512
124780
888051
953466
744559
259926
940792
908002
865267
719304
708542
375156
823317
697617
53516
540523
492897
176107
811154
676216
762297
911110
373335
273101
404167
191166
184875
965465
359081
712756
90013
874848
764841
138858
33978
156071
624637
736035
736376
18285
751830
93474
810516
833784
400765
981684
669517
742034
351799
143821
992429
340625
862704
834726
211254
441571
15624
413066
26190
327336
348592
916011
77800
565437
203187
48070
727069
371221
227639
954941
958021
169253
152834
365095
29999
499631
283886
875140
518104
325398
397576
219542
953396
707568
453004
521262
633310
75485
172640
828346
124561
773281
398413
303367
953209
205350
598861
557185
665776
614922
238074
136911
29950
434170
206169
180511
23164
816617
509825
373523
688226
496915
614999
414538
953287
71768
492846
944587
901106
777979
575909
104726
597937
708776
822756
46377
252099
737644
428314
833953
141554
534115
938778
849216
178374
5731
768617
12042
831287
998392
386022
711096
969935
798403
231225
151175
456170
772108
866847
646465
427287
384000
707303
550207
541062
330488
955762
537286
496085
964004
492707
137390
77044
804340
887107
199060
727751
400760
394774
206462
849598
910743
475359
362870
317716
947672
508661
432628
570288
706279
912486
594973
752045
182139
77286
680376
933022
297230
396381
484060
464862
689972
427359
766680
152158
978992
963669
400293
525403
763102
705633
480467
86848
897348
79770
791087
514132
229214
129705
274026
142673
354563
422099
75542
22369
937043
223090
206417
733643
688648
730127
968413
348200
499061
742802
665199
107095
431235
647923
224458
369390
723108
68339
642772
629833
581423
277336
715893
428010
929882
69953
240963
757077
655456
59201
824128
207748
230003
349414
893420
223943
108155
186441
267813
726171
714278
190609
726607
791770
536248
653648
8800
133508
999271
456109
981731
943215
669042
38965
433323
932597
309340
338118
341842
602056
942999
167100
752344
638645
529516
443280
133395
863953
754137
447174
775357
538847
60559
128609
947295
683204
364042
488770
480522
240582
839254
886707
346157
201103
209528
152070
201413
985194
212959
471167
865867
209848
783524
582069
904519
9569
908735
492786
477448
733876
19947
398307
393447
748261
440242
308009
440240
213870
374560
125062
974216
670260
806974
156442
297288
831040
878716
378445
830768
900756
278786
716158
546167
368403
935806
923052
974704
438108
922431
567743
305981
414191
39525
716210
237679
441464
913453
856421
749464
772700
50758
565014
828438
673274
813697
992996
235679
998228
29317
389166
283413
142445
928483
156022
648350
640848
330418
952333
708416
687807
117228
143585
405734
997822
157113
404740
982679
136835
549287
392517
154649
403663
462884
702750
987216
94148
750338
515562
593611
83837
42351
149896
497152
193383
807780
575733
300749
366856
432229
82489
308759
76096
267187
9672
26777
842107
384001
534028
100202
142968
301640
339560
750792
644565
239130
304790
119962
875609
286453
208954
106661
161349
307771
925558
562134
80698
170669
747296
100379
689770
668884
408858
52315
235646
259711
973908
250495
730899
840438
697102
932972
343652
673229
792570
252485
976476
715503
349711
96393
513522
858407
616568
872873
734856
966501
298824
317580
335379
975683
990915
196089
129914
156573
908545
953053
337191
811645
138010
170968
291545
431897
631317
836907
516695
640159
104306
350739
968489
832088
339235
345103
697605
379445
630282
990449
298854
669804
941604
800096
606199
335252
44522
305586
778985
567142
39641
464321
713939
157408
910474
240665
26799
781686
148800
630778
340761
869558
566962
579021
229863
679058
896857
77673
823184
304554
271879
96530
978762
608142
904640
957829
629669
640546
429222
956788
605170
691519
95451
21445
254654
921501
827311
110363
711824
917684
475115
465210
22633
835792
843508
593859
565748
247494
253376
32901
429044
873148
621435
49296
341304
609519
613390
451568
416263
108147
756930
546856
671773
762864
370852
104602
136713
718498
836205
806123
572541
566749
734725
617828
917532
823400
856896
808823
495514
567160
130092
851150
405871
550195
444108
269176
696742
423459
168783
324995
780772
188692
850934
68659
92518
487112
345570
553238
155587
172811
749832
268103
770710
237622
586559
735006
688015
878824
199699
60858
793809
388441
796090
517280
21571
188569
833204
130301
479536
866458
17480
671545
254496
154797
585800
422299
189576
94882
789410
86604
831215
524943
666826
980560
89855
469874
188629
86678
814750
324318
15227
414346
853904
3898
685673
8871
202668
35423
863790
882731
329535
356327
585642
318840
210165
116692
645594
237977
533662
665505
87214
412790
219933
387459
391642
103817
611878
35712
685251
95693
484876
300981
423977
408492
619457
47694
958797
358923
462434
303261
951743
44209
591032
676100
981703
201608
205674
133955
981449
255576
466661
438981
684835
693577
320814
846491
367425
434846
664210
878329
711883
955543
789061
492052
372785
493895
816371
532083
34122
280685
409470
374247
917172
723515
85598
145714
867900
754712
289212
838461
533049
977138
345099
449907
25936
364821
101702
361503
635930
655923
271401
489587
833926
822726
115632
361626
147710
458204
932130
8164
744914
696861
237284
602387
972276
930936
303605
298663
778382
259755
597177
918776
387350
882555
288587
446411
234419
749687
890635
457756
417764
99132
236395
358113
95971
877657
261342
711867
844402
148152
103575
42331
255650
466587
212632
340970
242447
261532
598779
257987
662677
576001
318800
918850
707241
47163
20773
398104
197077
649355
146440
582874
835844
572511
783623
284657
658710
899065
22971
513349
143465
995842
400863
262723
437193
184025
23051
536013
485024
981619
9781
307039
648644
552903
15678
749928
883810
592222
258457
269545
209266
124534
916738
462835
10420
134798
186101
474985
188532
399649
92869
242154
55079
834439
206690
473160
836573
652561
593402
421638
704979
99210
323119
284359
115275
51325
450890
294154
431584
335258
322235
398158
102855
735440
600615
541313
39139
783336
252124
9014
799453
527165
871475
832048
709174
258001
208874
293697
262241
493225
774482
151714
361628
96724
864318
119098
422217
199031
98492
911441
41637
274314
715863
756996
918974
838391
126324
57559
764615
313861
384812
666939
447726
180828
290481
245538
332770
320071
714977
695065
83613
759975
974225
249010
391269
629743
827295
764553
57591
592241
439045
134507
934411
728336
995762
229861
138289
259691
935589
591362
481555
291977
370841
928039
729057
551901
570569
60776
100761
172819
722986
687982
908912
90596
722318
919122
524748
85678
939827
224044
548918
2212
872409
138203
390942
680428
363079
309980
833123
372000
870290
278554
862215
178585
990834
648503
988859
476729
909869
374536
979906
217185
26218
143168
603874
910425
213893
449967
694183
160712
697643
444413
653727
401504
97631
763556
902908
460318
719105
775075
984679
604412
321401
523211
168905
323929
298066
414747
374643
436620
791217
824862
118452
918480
800017
248378
216720
650400
251999
102245
717681
248153
814944
641179
494543
186886
178148
358681
369947
780832
9168
938555
567873
419719
990967
600993
584497
188312
873086
231407
145382
526889
966130
421807
965311
244437
664200
109448
583185
778284
87918
60027
297557
875240
744192
488229
675028
428992
425181
21664
864925
596616
590853
156385
113962
722708
449182
866597
328168
532219
938746
145551
616055
362066
831347
693219
559236
606352
740344
479596
808550
276152
283468
520080
173500
973809
447456
401739
913855
175183
557052
974708
94715
596178
385055
731160
894235
482454
314857
336827
438606
743457
513006
120445
428307
354552
55863
121246
708716
113983
120195
858184
473388
543889
959928
468140
64169
54524
399706
822074
258886
897091
177872
566733
638718
791389
464372
927033
778450
56669
854396
121545
311486
907153
288540
418145
430714
551313
874114
464467
783263
88728
950253
770975
172432
525775
219961
633291
966277
509937
493798
697617
896128
720194
377618
846752
118154
642063
701740
666914
21864
161920
471875
563366
664443
610918
320862
11103
94890
541155
474709
201388
287212
328719
650837
808865
760088
171822
231651
604999
542435
249702
119212
656241
818611
161003
444706
155218
166894
32828
304174
296853
550176
640015
836958
360132
645934
285833
385195
290546
860100
989174
254699
443277
586576
437000
503362
304475
247190
16173
625071
650210
219212
778468
672408
528867
283454
370845
736571
657255
379586
794818
910831
426937
267428
107625
256610
633388
364075
490851
302088
656640
52884
299745
371073
560259
985003
163101
408175
104707
960038
550437
110305
550582
215909
228666
991456
874115
295657
464458
956457
97162
130793
150229
207676
149944
280283
765537
892419
668671
763206
21111
712014
831062
808797
671021
269142
990821
157438
475611
658152
130450
115256
253756
891423
615596
71423
841613
270805
350828
36085
772025
78
861222
889220
414182
542292
836152
735347
548159
673063
110198
109468
648253
270372
345036
313454
628878
735658
888142
485028
61670
47656
695741
182857
315581
312729
56230
648611
301003
340111
482173
669518
544986
358434
890349
961940
682371
427960
838319
182788
105353
588484
620052
158237
85636
193049
480383
853054
42937
603395
795562
303355
339366
856336
590046
44539
416511
434282
298244
490417
343496
904845
420341
727867
455059
953102
26090
461657
651128
799044
461402
312806
951741
838605
339630
763800
617559
431106
345607
164363
295961
578541
698708
877
742453
816572
731743
474467
686548
872070
976996
56456
251147
326852
120481
883853
68344
423192
492984
83487
89701
259646
638258
764610
344514
3935
461065
551763
541230
454713
184083
294181
121331
189962
22023
765381
125560
247067
701905
295682
805313
110964
522166
264241
113634
835594
232345
267293
399875
952807
402636
94105
962066
130682
880873
123196
999650
33052
928502
349094
601891
289243
338031
618006
531300
377838
303735
743231
388362
506929
476493
430003
385912
380314
86526
242289
913732
154196
592958
830718
778850
24395
542370
603202
956396
949341
458591
606775
668357
616148
120424
576654
715494
992727
461909
555408
774638
570103
935904
216869
393144
740172
949862
596399
92997
35368
867586
864891
388970
696590
494074
30471
160501
922217
556809
807327
689060
568353
964076
686414
71630
870204
121285
29350
123176
740944
497579
667986
943202
533788
268108
99828
809713
545794
856643
699568
370212
763992
201139
965882
925458
623418
170308
212276
340131
491714
187191
971428
373145
137463
696888
276248
491436
776267
361396
76973
587879
847119
627747
999783
941265
342735
388556
325458
378096
490872
99487
658026
260338
530288
131799
376113
424127
330758
226061
665636
143779
842578
692773
438068
792415
58342
554934
131276
762016
618229
119792
187217
422367
719764
237454
759243
6251
370773
611879
383334
45339
802604
230465
390809
707894
761691
370141
619975
733976
440063
156896
791496
431031
66724
144232
291377
761510
484311
694143
706014
777067
945227
167023
946682
517587
962699
646048
875829
903773
173659
401230
798925
762478
558908
732324
171741
173705
648614
452118
151510
157493
344071
976245
661466
894290
92879
457588
767843
57042
150206
900270
845400
550240
938589
929312
195798
588914
802681
342280
204821
74948
634308
511313
903019
932364
767025
204090
762406
447316
315451
461399
788411
47759
881895
706297
605391
355760
741337
445908
998962
195681
68887
563255
693896
537782
416575
595555
698662
508610
467108
943064
863518
883534
854346
651908
507347
80243
978466
655142
784307
720779
584206
880050
762197
190030
260760
548898
484487
234506
236150
846525
471868
922003
944549
202046
410308
200947
326731
450805
275673
807556
585238
266418
216925
861316
447859
45595
635028
191878
652178
11462
111570
439229
813006
198662
511983
84272
354599
729643
6433
284901
659414
552796
8630
862108
739451
170797
116568
74377
926100
546054
503374
197398
434290
934357
15519
257431
636407
113281
762526
366331
771800
381806
317509
853758
179754
435192
683204
313902
622254
808186
571720
475653
524764
833158
16627
621066
719775
609959
523460
701744
51922
122410
31516
346910
326014
91020
564387
365466
183230
743872
986302
972121
455394
707333
820569
866474
612688
542446
790307
904352
595955
395699
530482
523417
104249
124222
51888
725324
737488
962901
977019
610364
291134
738088
784314
750788
540802
656745
747037
57534
954423
99557
893040
546095
234339
215437
225585
108611
902236
414818
565749
102944
429965
321411
268558
66339
897015
348340
613540
300926
601489
190204
856493
259095
437735
105063
679081
298339
71392
786655
748907
82809
485320
704157
211496
632771
816556
493723
398502
363346
339737
101807
658519
904458
188608
469140
697258
588517
130379
934834
157780
284589
45851
136719
679835
642480
135584
847820
837265
123909
100081
567121
698509
199300
610531
186571
426282
173570
115042
53379
679329
637338
994377
973399
521247
199731
852767
990392
887527
218884
229321
939610
183016
656110
5571
391451
334432
614507
716080
634864
257109
451590
869796
573743
679322
740932
513086
363148
341078
221833
128001
129292
107073
975842
638149
525217
911693
13820
113211
269853
157238
278236
123701
228776
918377
68482
417430
898015
186619
109236
325857
7024
149562
599182
549418
204767
366185
923332
508701
7318
370265
209924
178019
12796
283448
104289
625032
48882
618634
20523
374104
993925
361807
450334
953813
863659
679416
171965
559821
841673
533275
565459
873514
368484
496645
697284
448225
917504
764730
890587
17512
858868
591707
96817
101976
798850
551642
660517
494618
754724
63505
292732
437408
685882
175062
84712
343839
560296
700650
911837
952257
307561
221391
407781
191894
521628
727419
944198
387430
122925
484382
500165
810631
619032
997863
363001
147615
207000
892618
142902
8458
239295
28269
169479
52056
393709
221184
125818
967388
501290
938125
843724
218187
458990
390916
746645
998198
461696
381734
740790
786193
23293
481469
576640
519734
133504
70920
93731
974878
372526
311449
409848
446148
597398
390341
811917
976494
789789
358594
240664
105993
816637
673786
558538
454074
733554
677172
126859
696723
987423
564266
212345
334245
68812
562085
241616
762037
64373
524329
192390
666161
670705
53226
753797
606319
390594
397049
761351
605589
720642
112139
948345
395473
32549
747506
658573
85206
120049
594835
380448
758178
372410
753252
525830
847132
860558
631456
833796
900902
201049
897416
729503
172055
25358
847029
123429
652708
609281
33405
559126
116796
647090
881497
721650
689363
876194
515768
572288
22818
631546
628079
48087
890279
41872
327062
201175
758067
854738
940873
32343
361004
159715
56999
816810
968846
504749
866470
975604
251428
407119
574857
407250
951633
768972
970792
972917
337565
411051
367570
826279
441311
496054
416419
305938
437228
792585
999851
372741
281178
654127
748295
499396
193510
502570
764832
545127
488141
447522
363127
395752
663149
202055
504168
978784
716891
236218
908471
284962
738452
517466
602005
338180
570745
572716
856711
218945
686544
358867
447796
261103
388080
429379
671280
480305
744691
885452
457733
378226
79838
624378
320070
830956
263294
993928
489318
698088
84580
265923
938155
253098
251468
762222
341938
737562
591474
739941
707639
157997
700563
534632
691218
290813
581330
552113
459238
81217
975053
767801
651092
249066
564200
442207
629563
190147
530800
326805
971151
353352
445210
815565
349544
764976
495809
406312
965020
223022
705676
221280
984317
521807
990303
386324
119408
958780
476087
956150
478808
762828
452640
663009
448965
508973
472010
493668
698349
216239
847637
946909
909224
720451
727104
554536
963782
974863
928573
513118
342609
391697
733993
363833
672833
25635
660225
116312
316519
618908
639556
103002
254496
387076
78625
208450
729366
542422
642387
837898
978857
526520
473335
453322
105781
517326
47451
735787
535600
888701
479453
470153
176742
101308
378866
203934
325069
272494
188362
475725
760328
524628
778373
898813
332095
415443
498996
623170
443759
983880
828438
31555
759208
511994
207965
301194
714698
424733
862715
11714
170768
858167
185162
442486
946243
859634
295135
188588
262134
502116
868516
621192
260692
496016
355225
810541
280565
38288
884037
635025
70417
122213
281784
128749
742722
921332
919745
637722
174520
742086
685798
444248
335335
697987
708862
173796
149211
804562
558368
98541
209940
984653
817219
705350
715845
674188
162559
32988
135895
917402
121655
678846
931809
689542
56760
73430
748399
35124
652308
68762
756126
339902
3503
729716
461682
130794
460763
620591
127050
578405
901378
613057
483334
908182
866816
838112
610688
28513
908454
16223
103491
304711
286830
961131
716939
483463
558641
704460
525474
920609
262430
677771
231529
956651
148774
288168
139057
867748
533999
105613
313468
440761
949933
525307
404338
918590
793368
265449
651401
688688
83958
343827
25082
657838
532085
948018
360922
262701
592211
787636
740570
935399
488211
60304
990576
335094
500726
829134
974803
674665
669822
668115
538475
627585
750097
248496
125019
778107
793549
469952
634968
306027
648731
651494
149737
543335
758294
305999
109078
580563
434070
368171
808792
11476
758724
584720
427488
268585
991630
612887
985832
647564
256251
60352
974789
161986
843189
144661
629653
764633
948966
462378
44079
135962
402047
355649
517904
862931
221991
753079
248987
985380
575340
305513
29597
209871
812507
605678
703320
247526
316788
204234
31092
613372
940774
330890
956732
39566
788544
778546
186426
535704
908523
661962
310967
350931
703503
868840
522765
785325
259313
456586
772421
10885
581770
134592
83951
750358
653599
785196
16020
54249
513240
934336
276665
379619
529380
789828
730992
88563
253818
257996
701736
931886
835970
172390
565847
430574
960057
844671
66719
925346
836961
848506
155130
129252
135838
533860
789745
549553
886530
948615
603554
171379
443
190905
508087
52488
833831
69511
551739
567819
585188
569975
920795
116996
989818
149946
711479
598315
612656
973618
321239
949501
164016
737011
799497
838773
23582
833002
236398
370426
686159
831015
805228
927217
653632
843852
374431
545531
887734
836214
369024
358414
925151
748182
5278
202091
44920
296057
665312
500441
357585
270937
414188
798487
483882
182992
881714
689123
754182
939389
103170
210263
332148
655232
561710
306538
815499
661217
137038
557264
145375
362519
17319
201680
574775
889243
176241
45145
58487
708656
238873
284048
578718
386858
852998
417388
87372
733517
558873
912257
536250
743493
358204
881569
138299
679285
331156
325711
557922
532384
106099
937131
211087
689250
509365
291036
571983
899539
549487
20257
57605
952285
728450
450631
271506
438908
443919
916498
592772
538506
935778
91096
790280
371598
783785
320412
502329
57293
370170
710356
502592
505146
441996
252575
860860
460641
62594
312843
293487
70724
515261
605584
408364
741943
176093
140760
499775
750836
788218
10473
324123
928249
203623
386092
741182
361820
215895
932188
895194
666592
659632
825125
149041
550862
280509
370085
817611
626244
201528
312970
65332
497000
682929
779918
549105
953109
5979
637928
16167
321173
977251
949559
278537
970122
818370
483965
867340
133309
117437
776942
901911
638487
433308
548966
799635
804832
356833
216211
487580
393640
239404
96465
38341
286187
797059
527032
924492
962470
196749
894827
567394
300490
457740
589402
76947
726722
749953
837962
801747
323498
203476
986157
975194
656668
118696
423102
560045
121810
149476
880620
776602
915432
6577
215770
677096
136306
542536
419340
95211
155541
220280
818202
414668
724423
324654
331402
405578
79178
590353
760605
344280
34197
981959
835334
441822
412169
600992
702576
864675
577476
629378
128954
400818
97600
455023
254884
554633
573055
599411
715731
193165
280144
218908
827409
218942
618321
390218
314435
560988
478823
475001
803451
38591
248383
399938
501845
698514
477002
911307
880469
686181
992146
41430
358776
190318
697924
482181
609153
208466
463682
994659
635347
825802
277604
402518
410740
710219
414681
427310
74707
835789
898698
386019
805995
739593
253467
209497
263912
781101
399647
829299
815035
538931
714972
450125
463271
319735
162201
758854
96030
348963
126010
389952
792100
560265
756372
671072
477755
64
362126
62881
378050
460550
204674
301223
959938
387101
729532
798375
255152
652684
666967
997903
63276
68055
642096
917453
695111
810870
525727
981031
942477
408783
7215
842559
419999
324615
88619
905045
472155
247484
448614
279132
255763
908572
607522
358587
878707
543495
470693
779396
988907
784107
458798
451286
284908
431872
112856
704532
689435
335641
992988
855720
224260
554778
877739
772033
787680
13917
384961
383611
625325
422212
771960
317711
8890
476415
876477
994346
20548
344449
439799
959915
908713
680934
349384
956613
467583
177942
134497
330898
208890
139442
663270
24842
169722
385646
137958
551690
862160
337215
63176
335237
724015
117058
518124
833783
779902
223973
962201
471225
601238
587872
546604
230460
969510
579908
315638
841858
867057
340107
298
634637
592174
874122
4675
572914
346573
371550
473823
579900
377224
390829
923346
52092
464813
581872
173283
488271
782986
376341
981484
753892
137977
959529
532369
997310
341802
847411
973164
480117
249520
994631
896511
469122
465240
936219
720018
326104
280350
675725
407229
313344
458374
510517
357638
464038
212853
175205
250253
602178
861702
656136
540398
718105
470168
657189
392826
790977
57485
261940
986426
417771
150969
567048
836192
737015
237
980328
40792
190669
11759
633818
984858
518729
928854
196959
626084
285576
860296
430284
249979
222982
724341
995018
424974
644613
499964
489422
775707
923215
233646
792432
280918
284761
609933
649883
583776
926374
854803
356014
195742
639747
971075
905094
880717
146837
838906
970465
929935
641
233768
429514
904215
536533
650070
553125
793910
378366
792322
126610
960747
185364
62600
975046
680800
638626
883629
187996
881406
580051
39551
775486
66271
596699
857895
200618
126629
638479
980377
993853
440343
944332
628493
276035
631557
908894
250878
276428
964827
500743
710387
104119
803521
121543
5365
744541
421101
848440
839966
101492
16636
135079
819642
811167
488095
587447
952491
580760
497806
464106
487980
41921
639303
507383
539595
8301
1875
69478
122291
349969
283656
325874
577965
789258
963931
710889
763312
776018
389447
208564
25858
574166
472163
201904
900207
118414
123531
644857
517505
215761
280012
320152
848450
908204
185281
19395
292972
550618
879410
436681
734243
520182
231613
62814
250061
379793
178427
43636
104825
950403
800894
547331
257042
473124
896278
705272
516216
95523
287886
855074
991598
880329
302208
539210
913630
197133
245976
925178
96677
674589
470557
746432
149563
4760
754202
670734
402021
528707
826770
304121
655470
471888
497116
523493
551766
204855
327366
18486
446751
276721
983582
54698
646580
186849
705034
40892
807264
674851
474282
432455
944123
639296
209171
358111
386230
177973
460517
592432
504547
855461
436565
481202
835350
891480
246651
934206
520936
991092
94092
855837
991620
453849
652115
451428
984262
54561
286661
680743
280388
63663
279437
579527
954959
356836
539543
461686
977477
457896
311326
635486
314744
293031
963842
676080
668964
140925
762240
718268
362879
788202
879309
532581
138523
716007
267616
352532
506214
598987
374695
930146
93150
572932
350108
434501
657990
656527
120187
861341
478724
263481
12186
127380
505065
510238
904659
778878
65904
381475
229361
712971
842282
674274
958714
555348
661271
22496
461823
912832
930289
383619
633606
669971
911311
661595
114164
790
857892
979824
757015
626697
482815
107117
696471
405692
821298
533725
76894
234926
253506
30195
561788
360312
804735
665627
648765
732032
128852
395186
573155
844781
937214
598346
390256
883698
969103
574140
86284
912391
529935
468144
372551
145958
676332
321525
852437
623028
809238
700044
817049
844986
354511
106883
899343
895495
526690
791402
229632
190954
657700
361584
790910
523219
980524
427244
663345
406994
116884
60905
112583
880668
772230
279066
377033
855410
967820
8938
977672
470523
264903
415965
361869
459521
208843
969075
228245
392744
989439
91061
697865
427159
939232
798071
504812
384353
730239
779012
956324
757996
334489
854949
358457
545650
811841
370014
708938
700465
315505
113847
325572
187459
396918
303299
734377
364971
579312
12697
722944
291655
481048
704265
738984
812344
45533
574183
23608
737630
597573
852636
73203
773162
497338
728577
407984
397909
576043
327987
332726
710328
92940
583858
209950
448646
173371
296307
368008
978873
888918
654552
858876
632354
451839
480341
945188
58811
605728
681360
709035
753799
475000
490937
762903
316373
9630
212636
816930
998535
381614
98992
434470
618367
574768
142558
644334
282852
53191
6085
275358
966747
691359
710893
977221
141011
142940
746324
878483
903250
393381
227801
467042
716302
178661
457839
965827
879811
43098
107826
248056
223152
959926
62792
534924
158394
917589
997
454757
768292
204297
271253
199071
579903
525156
354841
615864
212792
659160
911121
803285
389592
397574
129519
371211
229341
185507
600564
841769
384332
483181
562307
142345
140690
247468
72995
11500
815911
682580
360805
441668
395177
886921
445013
348165
825477
748204
331334
979566
453983
870810
755153
540518
56720
765616
148728
63214
362830
673707
590967
822483
695308
882427
98017
923361
134274
644224
435996
336699
666815
957473
39206
391737
299162
683544
322755
971642
668729
82820
304260
958740
387245
801123
963452
401992
512376
530524
452171
337494
677124
779925
743895
950880
527881
329281
88607
788823
699985
304521
467657
759605
915514
910091
883679
263035
295399
762828
451317
108424
231995
828419
167394
726989
425845
630706
909469
199990
292983
112559
859303
205871
537438
708618
470419
997042
121493
307169
517205
812999
179635
908293
317527
497159
938860
239248
84513
468009
799937
849120
901070
527043
731120
837785
619860
96526
747877
341527
923832
191308
992828
331966
610034
287457
324048
817768
554103
325175
391345
657214
934295
126859
483406
320181
79666
119158
383523
158909
202068
29988
652067
337578
821637
799142
650313
211122
577995
971689
275093
166810
776068
793107
457105
497078
245942
857509
930119
999858
635553
824797
755203
832648
372161
183019
35764
370283
688852
855905
588446
746722
305697
29650
489040
388633
114277
734248
607267
594506
321796
309743
103698
172353
185478
322838
739791
780804
903598
421984
181876
618229
810095
699396
834521
433164
429058
827186
849844
105209
850379
603865
411406
126768
209257
709408
720709
366800
504371
621145
239145
463532
664215
349713
152246
22153
925598
168052
268799
937486
228020
690730
306981
457112
511961
168645
976154
417375
435928
470820
980200
719159
386493
774090
358015
984927
908329
112268
742435
154464
481526
69930
186466
552593
506708
19440
951747
663445
737340
644056
521034
922663
750491
546966
703243
25085
311667
124508
142615
160261
853020
178734
704030
460576
21230
353346
641781
505413
330557
827115
891885
506694
756796
86634
135346
969434
469541
335791
560659
631124
347273
408797
972806
985437
518013
668938
654397
758814
510692
511850
990070
99636
577686
835905
238590
62772
854464
674601
322797
436219
417557
883429
954500
742795
123996
156444
277749
136737
429952
800865
990704
711397
723012
963469
203054
988641
988550
389487
549118
900777
916409
21735
382633
323942
717731
400325
759889
73866
897260
343601
276867
538800
680141
38902
189947
340773
508785
568376
465781
152799
409426
702750
495752
6183
836158
422716
374418
884236
677925
403595
985216
700451
923292
417031
20051
647379
277259
728082
398152
309709
199230
907211
639406
235094
905893
241125
547247
175221
591515
709953
478918
961990
289835
98761
316336
679146
551698
771787
49332
371218
375749
493570
734330
757330
300616
357888
361031
820719
900385
828421
511664
942125
622970
902919
765849
776695
799799
991957
568888
223822
468522
60310
796223
630935
220497
731336
628545
215696
480599
987621
117557
744966
374836
352269
92649
207058
563964
107021
691289
1558
599042
814336
904598
519693
417934
190752
17744
594513
56424
701017
483004
639676
440980
634978
214608
452948
958114
564450
123124
753812
355274
359223
944462
497880
248644
720449
530109
273065
760644
30673
974076
425626
107106
915487
547568
148134
836959
974868
266591
658359
79261
484192
712411
165240
99088
969148
74993
631504
982851
954961
806110
42131
112216
556612
755015
52749
429970
479597
153230
264672
943656
4032
786966
514673
33649
396080
272760
601955
45884
319001
572812
465987
643702
377015
696847
603776
441211
331016
733257
632684
718169
551411
174057
518357
176673
983436
911025
546912
683203
790309
234899
338208
991318
565460
189646
628028
629666
454052
418358
987404
121709
821861
768717
416667
629474
854283
4006
113877
149685
265290
620689
860730
96081
266202
705694
276073
930105
765804
983367
768484
637037
57233
889718
406535
722626
342934
690927
797897
272441
462827
713687
628588
809913
267734
925887
273198
380561
64105
824601
73810
611516
900603
290771
693837
878056
903916
2111
228048
805023
93450
913308
515337
215089
562149
489661
526708
523354
912088
624163
934949
451755
274973
455930
186779
823824
612726
815670
790211
388508
957722
414901
188105
330319
30763
450520
758673
934754
646201
702154
724394
47212
283393
32839
643193
875529
801452
753494
284034
561339
189345
930572
191147
708842
386629
160
294343
568325
622423
527414
773283
375094
494369
10671
282826
617363
869427
557459
54227
142537
380124
814510
343533
3064
890975
369202
61429
933751
226596
460851
709344
162841
151931
191333
227651
507234
362723
382725
117490
899645
549048
749658
670584
652976
750958
467426
793770
44950
66065
566308
455398
945270
408429
883769
452594
951025
779939
214204
745238
611388
1151
214110
744910
154895
363828
615911
82697
515797
981488
695499
448907
117479
67429
286199
800721
234877
838349
819569
315163
445404
983544
361571
505313
653121
546086
800173
274248
842641
774694
264314
130974
40947
511876
979281
351630
619475
285211
936824
887550
477052
18813
419850
649956
646589
466763
265388
932735
248868
427375
446247
166998
20623
339039
992819
207152
18257
69354
9611
11757
166058
712656
300933
167688
84120
259149
745427
732760
663809
561430
683371
235512
322300
869447
432450
554385
295618
679068
223298
414904
446262
494904
708290
451841
520948
969643
248092
657486
927441
546564
619152
377900
381893
115023
894215
474366
845782
160099
202614
422478
513748
150459
62836
250148
292781
97148
549873
754416
711251
69336
948225
309091
670937
710557
222081
978770
681280
23889
251930
755707
705464
903038
372349
91120
507197
645959
579716
37470
759621
152308
983141
123260
430693
898079
251099
52078
94301
791418
57941
21695
325032
757719
531776
193109
837440
632047
861275
39028
157376
198056
603643
866440
266173
516720
436468
275842
918070
467031
423290
564619
346325
243217
470076
874318
130068
424125
248242
167105
316994
566443
858343
877537
580876
573044
142991
458466
245355
238697
676137
977096
97203
405187
507371
336317
335796
736941
57209
664227
178435
332890
11798
558918
715257
219743
354304
543370
114567
16237
602559
851385
159760
791769
805358
390768
125579
52335
655002
954780
215201
897003
279159
264845
820806
945833
891977
870812
164253
163940
32744
362470
914831
110986
612201
621755
536633
678034
634691
846948
658109
615252
993162
569418
602976
23040
505924
371394
746249
717738
364334
436293
208025
745329
17709
741092
349670
762829
878414
927452
933071
955013
458001
32479
647454
499234
902918
590336
507829
83699
188243
844931
410619
490359
701960
576372
764397
902263
69858
337889
448245
483964
646919
118763
56212
427543
47754
394338
810715
272953
68605
331961
620572
411983
101745
253530
112783
33456
681992
288961
393222
935375
826440
401646
372141
340680
303136
850760
148566
111538
889308
374028
859617
549238
548860
703427
124188
833003
235400
88308
900540
751852
959973
911714
220805
457424
479702
911162
15431
541652
991687
182586
864649
400951
3452
686120
281911
813404
218617
467728
741827
859535
208098
469663
227997
853082
693692
868009
352862
121558
44470
245291
886100
626291
32291
584966
841858
969488
737366
837771
598979
706265
592539
206522
396677
801020
324031
224467
95887
381505
409407
361574
958884
331644
431608
464886
295931
488580
473792
622981
532023
562708
491196
536720
184694
445601
625212
519098
707753
410789
43477
426658
166285
185343
623484
430917
344769
607318
106436
518073
177890
410986
288222
303854
449377
591264
529233
122746
928876
562243
148218
814094
615685
576274
384784
266150
92044
624811
812372
683482
909378
899235
644295
191714
693482
6622
198354
120059
502608
622233
962590
414946
7382
14084
404712
664921
968822
192767
117317
121116
526581
909274
554425
142277
517767
707999
291161
468300
154801
819317
996853
355019
400645
175494
505242
648931
808457
375962
109540
114714
360730
901277
709827
336788
45084
107627
529456
275141
497942
537080
618493
78844
499847
66140
682237
308249
318182
608666
345901
399684
293859
55808
354258
227352
47886
187094
893739
639129
895921
847717
416665
544095
795585
397240
764044
576780
142397
484048
908764
865400
633549
777932
824039
620360
427834
462676
487640
459275
465643
85961
308131
585031
87141
656927
959432
74747
520722
64404
218223
347355
688991
986831
838677
238803
45546
113249
718707
695263
523803
107652
298063
144295
830469
200671
999201
654790
440733
175012
399890
137734
56385
282734
497064
769686
577899
263397
823107
353503
646440
449320
499029
909986
102736
316897
894197
903070
939582
36645
851160
787760
106416
531828
225805
556005
708191
731720
795672
401935
597692
294795
916184
752375
424338
720738
966360
402185
831319
12616
982713
700472
942142
266761
32342
38962
128435
844114
916963
825579
344702
133623
335449
472340
582357
99805
750066
533593
344493
75184
616463
845515
368777
948670
522721
783395
239424
135775
53862
627704
74654
145680
877268
204062
619002
844741
769453
95229
134034
846367
665396
43789
205663
219464
248877
103079
964695
71707
225989
673449
124085
13583
528987
581649
46222
668883
963637
798786
883158
21315
256094
458682
558215
496589
115477
103145
512013
139752
783673
429134
864436
603856
113879
13804
395001
531634
577205
641251
739178
570163
314809
661679
337039
255633
600894
134915
392835
971452
53054
645923
46351
509736
15094
662744
536511
138382
969340
982884
717149
707302
367820
529602
43138
98812
171121
807830
868936
21378
954688
310793
713379
763125
185499
583515
391973
387798
322783
924451
497627
650027
217700
464446
99473
207208
182139
806507
180984
651539
461233
294482
207243
490051
377901
866639
167152
464918
87234
139896
472973
324102
865824
525751
366782
244298
365928
372951
393463
702867
389634
532050
301804
423977
465666
170553
623079
955745
605199
27393
473072
435737
238913
568950
702286
565831
632493
608832
442068
902038
687668
14144
617100
570229
243931
904005
939947
269173
574613
129486
550300
209487
643931
529195
97800
251781
858779
309064
464269
91263
805507
345696
20468
412169
412674
441311
996570
611656
87424
273473
55577
277100
755094
918929
181698
804897
371506
562773
115436
584925
280422
482304
603489
521952
487391
43785
900459
585556
697971
745556
513836
535446
643590
30400
381423
305329
395022
233904
74638
382383
301107
745841
40504
555842
983052
821402
911044
258290
106088
680808
980921
516668
227093
325829
910130
166037
463694
910891
246062
321760
508774
848735
814703
489791
713156
186682
123625
522629
26108
706356
852558
112153
14763
531841
534828
922262
564092
962948
634562
362201
991508
673931
705077
48188
644250
308114
768039
637336
836727
509648
672608
375447
384446
684543
56779
861530
676907
589363
513738
534352
973075
892657
919958
995058
755939
370755
792981
689975
46369
489109
44597
41704
223020
160910
440963
775061
397570
918775
65133
449319
31833
165731
906003
647842
335466
516269
751567
970395
368778
516385
847570
179359
182990
491104
184570
316246
573187
132346
553449
663461
28475
936130
88927
773898
630490
816520
994207
110378
49858
244175
39151
659153
169175
439802
525140
324470
733685
139485
644153
631930
854940
830372
144106
686004
397141
106149
22273
455353
592720
494146
649219
654550
994511
751144
446218
267136
827870
572525
35136
282877
281594
673178
669927
944255
825829
262765
514248
946464
772022
184033
669879
741806
662355
297194
971725
858612
175481
737553
393579
799650
58086
866858
140384
179265
546478
444355
226631
497696
195925
749150
908274
486779
468549
533535
669326
697031
157222
338719
768851
294953
818575
796887
564569
27718
210379
165250
583060
681653
716892
715444
682667
336252
50246
774034
18310
511349
276829
635963
594079
134454
24699
551466
240508
872985
763768
242004
282384
533579
885207
350698
461383
827213
9696
414785
655145
332954
790946
403676
199872
956254
217550
790183
470632
888968
4751
677096
174400
616953
978915
34043
356476
741634
806453
236406
544507
320247
957919
31210
226920
128724
862678
50413
903741
305091
950504
257466
90723
110707
835034
172095
174747
104324
28421
951717
967671
77008
879168
434459
440272
912109
345811
814995
237539
116139
702575
379802
353960
454282
663211
638182
963582
647926
245331
233402
243334
167367
555987
709555
301115
730994
433085
139622
296693
196742
286804
425130
222629
406024
2537
258355
700537
299274
41554
915256
984215
335858
979509
738948
403984
90663
294395
666739
430728
320827
766264
878863
264695
706076
929666
767888
391634
858975
952943
688200
8845
454948
722537
705126
74640
435390
610219
293652
45440
970775
5670
489730
551266
336039
41592
414960
317325
686067
784848
665372
144335
