703857
732554
645553
103843
636355
368931
723216
910308
280645
833757
515986
340384
653404
750998
997607
836392
323052
501321
672851
47486
166129
866951
191462
629380
128387
377173
453918
731207
47198
532325
194781
208494
161814
915259
601049
871005
318953
575471
734459
502281
659938
154095
370094
804365
689658
297238
514110
894624
438310
546057
649688
243522
171892
23100
967285
264838
680419
557456
592527
224828
640941
133193
107368
344553
168889
620303
130825
200691
70571
256704
100713
665837
212584
63284
389310
403629
174256
219271
782067
314666
317743
665195
122164
423163
386955
527637
15088
834536
12260
487989
697757
125930
380225
667876
169606
562006
920463
448538
655551
392896
366705
494708
63588
222366
950044
12186
975065
291004
193403
109012
792679
762765
505849
133756
335187
587564
4593
377510
904015
7675
439232
786053
156069
371701
122868
281465
104424
534421
963576
686692
459444
196560
397343
135086
126043
483512
297199
917965
141674
409990
503718
480856
685684
322086
513272
379187
894962
34972
48254
120527
205133
744814
920248
76128
840280
915663
468663
539862
7429
710662
847030
440708
156898
732084
278941
779626
798012
996452
832078
143369
266374
79417
155403
355698
848877
24893
91729
974825
537567
742963
302283
727645
691960
565605
162238
616397
344428
245402
671262
723855
788263
988886
204591
370149
30210
496649
40893
910616
76035
615696
983397
514176
786099
98138
723257
617129
79585
629913
215359
911007
13925
436666
463230
243848
793908
414124
610127
469826
629549
222055
26680
177995
867129
86094
507668
645756
461111
921409
657655
988220
771880
221547
419650
326590
571772
611995
679007
778230
817192
827134
635227
603146
606832
908496
862445
578611
618142
741097
35475
950373
68134
691291
166600
268036
14920
997480
179668
463171
314301
648653
303718
400646
563961
954534
125077
437721
507112
252537
871360
312646
809723
139594
820812
945200
353184
119137
461561
576871
864507
894386
514033
132652
157749
200424
765809
976298
131775
426111
986433
328020
330009
297992
111497
142049
604728
439529
64534
524604
598225
249457
528856
183321
948857
501010
875138
151891
198410
989745
894466
107351
654471
275558
748087
444529
346311
671342
524162
63473
411624
425444
47066
589521
120186
697994
879122
353898
462556
205706
905661
892140
806977
982991
154180
273419
757569
964857
615919
413142
694445
205841
442156
925206
894228
293083
89442
48786
36330
405795
344398
518227
955395
518827
658753
993276
10424
581144
233201
710364
44037
991974
269406
403148
648784
332486
893604
619898
822686
487880
459876
708799
714220
581358
673741
276864
895925
175816
775068
527206
129200
156081
34641
991209
106204
788817
372842
346400
417679
727222
276745
584210
527355
590650
913195
999012
694256
452756
117916
540862
949840
166887
197795
783012
444109
760095
163795
88838
402263
413021
315340
29406
797325
53624
458782
273285
774508
398963
596966
892591
511524
192690
452867
227913
209242
317422
101316
962816
946799
897232
374488
969949
583411
501192
688252
678847
599176
433445
907928
92026
271004
431102
54333
747502
415725
801383
104117
17750
667786
23185
258275
72159
333117
324456
507882
488591
844284
26275
990789
637868
23655
806499
778486
745972
836719
19333
37430
243885
48609
760370
528217
565023
384194
826806
555765
972698
22431
868859
61537
739254
780431
582292
649811
772589
460513
868320
644058
246109
732238
555592
518256
533816
418890
601510
783304
189614
519596
793851
963870
132049
742531
611662
352129
711311
517974
711940
514958
577493
50434
862762
423539
532628
484183
37743
833970
52690
912159
143163
662762
781195
215206
969580
284025
66480
802530
807462
290299
76594
839598
849117
104840
143047
247630
164819
538101
325130
188911
421798
401556
887423
890364
837837
588684
630502
561782
733474
538492
571211
463062
793513
642306
802457
633046
735898
544635
500230
377564
271736
998008
592194
377245
243312
945677
953766
917526
223963
7695
490982
912600
408395
900603
716845
234054
755191
52631
113691
418802
610121
763931
597042
923441
886991
946498
918021
591621
709144
439486
825763
560751
677293
624542
324474
574413
399095
446007
989878
341630
226060
582759
299803
841653
868487
158691
323839
74099
910549
757968
691775
638975
925089
102462
590066
416098
361379
760831
77793
580711
127770
142247
719985
348703
215478
361480
338883
557741
252922
596796
574161
440181
510694
899594
828845
507014
64336
429249
578859
236886
643195
2668
598873
944548
818069
189521
510621
688682
116938
722881
162791
811073
914060
165339
673285
486434
571563
517028
600993
285965
822964
635389
968136
947925
338012
542108
554796
292204
305366
837525
156951
63125
842075
477067
221294
117739
314721
385701
408555
173806
162375
838577
739041
283152
822643
11324
862407
75691
589920
289694
657654
598551
892475
817599
936852
249790
49996
63546
964797
888886
976207
935418
696118
844801
802592
857984
523930
827388
88234
6742
369893
900784
790136
146890
299679
991657
692762
857455
109598
7793
110073
505964
813776
285057
600211
77642
78495
868116
579975
16845
565251
480087
418916
116391
229366
22983
338290
799272
183188
126367
467806
82150
601230
467941
127337
862153
939881
57455
417776
450649
395495
397911
309629
696221
907924
272578
4546
653318
856174
117363
386369
362652
366692
327908
799196
764802
595097
775764
622437
189232
590681
666670
506860
559536
851864
408083
848000
941390
591151
67013
861491
686130
769906
756096
447321
396078
478030
617097
346651
662805
594383
981872
471328
754935
599515
954198
558343
803160
266742
382413
689056
853691
950317
320832
881474
691939
423127
252770
674514
888073
685535
731246
395648
787263
375494
389902
949332
721096
277023
252295
159816
218242
630901
873109
388803
579340
853387
580251
520359
120757
529667
27290
507267
469307
806939
600816
3293
663608
965053
26209
925565
831182
496021
452141
567533
318152
455188
149465
507953
440040
282429
453059
86113
611115
769696
735533
162277
892830
62453
45302
339515
590835
526519
885283
8002
330397
231340
132983
920658
893390
129264
885594
212933
40026
505880
589055
527170
73491
596670
760492
618292
174340
600569
729633
890419
812605
531123
241767
614136
524512
932638
652382
140467
449159
2227
12341
961628
769146
722910
479218
301506
836743
266432
946092
953415
268253
812656
44180
233834
393865
181435
260880
653544
143143
971504
95954
467683
465173
365174
836939
842998
716043
528288
273683
337480
723197
281315
965661
437959
626240
487464
727529
373521
118956
486741
239596
435227
99341
917070
749911
642311
34548
327735
434173
36279
585623
49643
810571
662732
10511
746364
763088
675978
835592
939728
195724
864452
807435
840482
929367
699427
180863
808269
505189
193012
106432
805288
954396
870688
323712
990917
522290
693191
182534
928878
742503
593640
893556
356625
735939
649925
640297
453910
896787
180120
321232
564462
406429
703131
467507
838980
20563
811562
531536
420357
117283
788650
631011
688040
729716
614719
864069
247116
350557
434967
