97239
200779
990471
304017
538413
243373
502819
869300
681936
371401
337323
569690
83372
293171
158387
538606
555124
591730
919050
437068
145508
220447
251484
75394
489663
427958
6210
714640
736580
408213
383434
636917
189771
627582
547463
41626
149459
984115
415556
97719
6652
42395
165570
616099
892980
145220
222521
339112
551205
547086
963439
297036
146368
531937
770221
493958
940257
138063
589182
815399
869006
162111
845224
365108
249391
784317
611762
625324
605027
331644
171375
204025
355028
13938
531344
276280
601756
726516
951194
654975
556236
289835
734824
310504
459546
838939
762372
648631
431524
389368
902471
644816
174120
627662
597386
980061
673111
296758
24479
488480
